# nr pierscienia, promien zewnetrzy, promien wewnetrzny, wysokosc
0, 2, 3, 0
1, 4, 0, 2
2, 1, 3, 1
3, 3, 4, 4
4, 5, 4, 2
5, 5, 3, 0
6, 3, 1, 0
7, 2, 4, 0
8, 1, 2, 3
9, 5, 2, 3
10, 3, 4, 3
11, 3, 0, 4
12, 3, 3, 3
13, 3, 4, 4
14, 1, 3, 3
15, 1, 0, 1
16, 4, 3, 2
17, 5, 2, 2
18, 1, 4, 1
19, 1, 4, 0
20, 3, 1, 1
21, 2, 4, 3
22, 2, 3, 2
23, 3, 3, 2
24, 4, 4, 4
25, 1, 0, 4
26, 4, 2, 1
27, 2, 1, 0
28, 2, 3, 4
29, 4, 1, 4
30, 4, 3, 4
31, 1, 0, 3
32, 5, 2, 3
33, 5, 4, 4
34, 4, 1, 0
35, 1, 2, 3
36, 5, 4, 1
37, 5, 4, 3
38, 2, 0, 2
39, 4, 4, 0
40, 4, 4, 1
41, 1, 2, 2
42, 5, 2, 3
43, 1, 0, 1
44, 5, 1, 4
45, 5, 1, 3
46, 1, 1, 1
47, 4, 0, 2
48, 4, 3, 4
49, 2, 0, 1
50, 3, 2, 1
51, 3, 2, 1
52, 2, 2, 3
53, 4, 3, 4
54, 5, 3, 0
55, 3, 4, 2
56, 3, 1, 2
57, 1, 3, 3
58, 3, 0, 1
59, 5, 0, 1
60, 5, 2, 4
61, 2, 2, 2
62, 1, 0, 3
63, 1, 4, 3
64, 3, 2, 4
65, 5, 3, 3
66, 5, 3, 0
67, 4, 3, 0
68, 2, 3, 3
69, 5, 4, 2
70, 5, 4, 1
71, 3, 0, 2
72, 3, 0, 3
73, 3, 3, 1
74, 3, 0, 3
75, 3, 1, 1
76, 1, 1, 0
77, 2, 1, 4
78, 5, 3, 2
79, 4, 4, 0
80, 2, 0, 1
81, 5, 0, 1
82, 4, 4, 2
83, 1, 0, 2
84, 2, 3, 3
85, 1, 1, 2
86, 1, 4, 1
87, 2, 3, 0
88, 4, 1, 2
89, 2, 4, 2
90, 3, 2, 1
91, 3, 3, 0
92, 4, 2, 2
93, 1, 2, 3
94, 4, 4, 4
95, 1, 4, 0
96, 5, 3, 0
97, 1, 4, 0
98, 2, 0, 1
99, 4, 3, 0
100, 2, 4, 2
101, 3, 0, 2
102, 3, 4, 0
103, 1, 0, 0
104, 1, 1, 3
105, 2, 2, 3
106, 5, 4, 1
107, 2, 3, 2
108, 3, 3, 3
109, 2, 4, 2
110, 5, 1, 1
111, 4, 3, 2
112, 1, 2, 0
113, 2, 2, 0
114, 5, 0, 2
115, 4, 1, 1
116, 1, 1, 3
117, 1, 4, 3
118, 4, 0, 4
119, 3, 4, 3
120, 4, 4, 4
121, 2, 2, 1
122, 4, 2, 0
123, 3, 0, 0
124, 3, 1, 1
125, 1, 2, 3
126, 4, 2, 0
127, 4, 4, 4
128, 5, 4, 2
129, 4, 4, 4
130, 3, 2, 3
131, 3, 2, 1
132, 2, 0, 3
133, 1, 0, 2
134, 4, 1, 0
135, 3, 1, 0
136, 3, 0, 2
137, 4, 2, 1
138, 2, 1, 4
139, 3, 0, 3
140, 2, 1, 4
141, 2, 0, 3
142, 4, 1, 0
143, 2, 3, 0
144, 5, 1, 4
145, 2, 3, 3
146, 4, 1, 1
147, 4, 1, 2
148, 2, 3, 0
149, 4, 2, 3
150, 1, 4, 2
151, 5, 4, 2
152, 2, 1, 4
153, 3, 3, 1
154, 2, 1, 0
155, 1, 1, 1
156, 3, 3, 3
157, 5, 1, 4
158, 1, 4, 3
159, 3, 2, 0
160, 2, 0, 0
161, 3, 2, 0
162, 3, 4, 2
163, 3, 0, 2
164, 5, 2, 1
165, 1, 2, 4
166, 1, 0, 1
167, 5, 4, 3
168, 5, 3, 0
169, 4, 3, 0
170, 4, 2, 0
171, 5, 1, 4
172, 4, 4, 3
173, 1, 2, 2
174, 5, 3, 1
175, 5, 4, 4
176, 5, 0, 1
177, 2, 2, 1
178, 3, 3, 0
179, 2, 2, 1
180, 3, 1, 0
181, 5, 2, 0
182, 2, 4, 4
183, 5, 1, 1
184, 5, 0, 0
185, 2, 1, 4
186, 2, 4, 3
187, 2, 4, 4
188, 5, 0, 4
189, 3, 1, 4
190, 2, 3, 3
191, 2, 2, 3
192, 1, 4, 3
193, 3, 4, 2
194, 5, 3, 2
195, 2, 0, 2
196, 2, 4, 3
197, 1, 4, 2
198, 3, 2, 2
199, 5, 3, 2
200, 2, 3, 1
201, 2, 1, 1
202, 5, 4, 2
203, 3, 3, 1
204, 4, 0, 0
205, 1, 2, 0
206, 3, 0, 0
207, 2, 2, 1
208, 5, 2, 4
209, 3, 0, 0
210, 5, 2, 3
211, 2, 0, 3
212, 3, 1, 4
213, 2, 3, 0
214, 3, 0, 3
215, 3, 0, 3
216, 1, 3, 1
217, 2, 3, 0
218, 2, 0, 4
219, 5, 3, 2
220, 5, 3, 4
221, 1, 2, 1
222, 4, 2, 0
223, 1, 2, 3
224, 2, 4, 4
225, 2, 1, 1
226, 1, 3, 2
227, 3, 3, 4
228, 4, 1, 4
229, 4, 3, 4
230, 2, 0, 1
231, 5, 0, 4
232, 1, 0, 4
233, 3, 1, 1
234, 4, 0, 1
235, 4, 3, 3
236, 1, 0, 1
237, 3, 0, 4
238, 3, 0, 3
239, 2, 0, 0
240, 2, 2, 0
241, 4, 1, 4
242, 2, 3, 3
243, 2, 4, 3
244, 5, 4, 1
245, 4, 2, 3
246, 4, 4, 0
247, 3, 2, 3
248, 3, 1, 2
249, 1, 0, 1
250, 2, 0, 2
251, 4, 0, 1
252, 4, 0, 3
253, 5, 4, 3
254, 5, 1, 4
255, 4, 0, 4
256, 1, 2, 2
257, 2, 3, 4
258, 3, 3, 4
259, 5, 1, 2
260, 2, 2, 1
261, 3, 4, 4
262, 1, 2, 4
263, 4, 2, 1
264, 3, 4, 3
265, 2, 4, 4
266, 3, 3, 2
267, 5, 0, 0
268, 4, 1, 1
269, 3, 1, 1
270, 5, 1, 2
271, 5, 0, 2
272, 3, 0, 4
273, 4, 0, 4
274, 3, 1, 0
275, 5, 0, 1
276, 2, 1, 1
277, 4, 0, 4
278, 5, 1, 2
279, 4, 1, 0
280, 3, 1, 3
281, 4, 4, 4
282, 2, 2, 2
283, 2, 3, 1
284, 3, 1, 4
285, 5, 3, 4
286, 3, 2, 0
287, 1, 4, 1
288, 2, 0, 1
289, 5, 2, 0
290, 1, 3, 1
291, 2, 1, 3
292, 3, 1, 0
293, 4, 3, 0
294, 1, 3, 3
295, 5, 4, 2
296, 5, 2, 0
297, 1, 4, 1
298, 2, 4, 0
299, 2, 0, 2
300, 1, 2, 1
301, 2, 2, 1
302, 5, 2, 3
303, 3, 0, 2
304, 2, 0, 1
305, 2, 1, 2
306, 2, 3, 3
307, 3, 3, 1
308, 3, 4, 0
309, 2, 4, 1
310, 2, 3, 3
311, 1, 2, 2
312, 5, 4, 4
313, 4, 2, 0
314, 4, 0, 3
315, 1, 2, 0
316, 3, 2, 2
317, 5, 2, 0
318, 2, 2, 3
319, 2, 0, 2
320, 2, 4, 3
321, 2, 4, 3
322, 2, 2, 4
323, 1, 2, 3
324, 2, 0, 1
325, 5, 1, 4
326, 1, 0, 4
327, 5, 4, 1
328, 4, 3, 3
329, 2, 2, 4
330, 3, 3, 2
331, 3, 4, 2
332, 3, 4, 3
333, 1, 3, 3
334, 4, 1, 4
335, 3, 1, 3
336, 4, 4, 3
337, 2, 2, 4
338, 5, 2, 4
339, 2, 3, 4
340, 2, 1, 0
341, 5, 2, 3
342, 4, 4, 1
343, 1, 2, 2
344, 3, 4, 3
345, 4, 2, 2
346, 2, 2, 3
347, 4, 3, 4
348, 4, 3, 0
349, 2, 1, 3
350, 2, 0, 3
351, 3, 1, 3
352, 1, 0, 0
353, 3, 2, 0
354, 3, 4, 2
355, 5, 3, 0
356, 4, 4, 1
357, 4, 4, 2
358, 4, 1, 0
359, 4, 0, 4
360, 3, 0, 4
361, 3, 2, 1
362, 3, 1, 4
363, 2, 3, 4
364, 5, 1, 0
365, 4, 0, 3
366, 4, 2, 2
367, 2, 0, 0
368, 1, 4, 4
369, 2, 0, 0
370, 3, 1, 3
371, 2, 2, 4
372, 5, 4, 1
373, 4, 0, 0
374, 3, 4, 3
375, 5, 4, 4
376, 1, 2, 3
377, 3, 4, 0
378, 2, 4, 0
379, 2, 3, 2
380, 5, 0, 0
381, 4, 4, 4
382, 4, 0, 4
383, 2, 0, 4
384, 3, 4, 0
385, 3, 4, 3
386, 5, 0, 3
387, 1, 3, 0
388, 3, 1, 4
389, 3, 2, 3
390, 3, 1, 3
391, 3, 4, 3
392, 5, 2, 3
393, 5, 1, 3
394, 2, 4, 1
395, 1, 2, 0
396, 5, 2, 3
397, 2, 1, 2
398, 5, 3, 0
399, 2, 1, 1
400, 3, 2, 3
401, 3, 1, 1
402, 3, 2, 2
403, 1, 3, 1
404, 1, 3, 4
405, 1, 0, 2
406, 5, 3, 0
407, 5, 0, 1
408, 2, 3, 3
409, 2, 1, 2
410, 4, 4, 0
411, 5, 2, 3
412, 3, 2, 2
413, 1, 1, 3
414, 3, 3, 1
415, 1, 2, 4
416, 3, 4, 4
417, 1, 3, 0
418, 1, 2, 1
419, 1, 3, 1
420, 3, 3, 4
421, 5, 3, 2
422, 5, 0, 0
423, 5, 2, 0
424, 1, 3, 2
425, 2, 2, 0
426, 2, 1, 2
427, 2, 2, 4
428, 5, 3, 3
429, 1, 4, 1
430, 5, 1, 1
431, 5, 4, 4
432, 2, 3, 3
433, 1, 3, 3
434, 1, 2, 1
435, 4, 2, 4
436, 2, 1, 3
437, 4, 0, 0
438, 3, 1, 0
439, 5, 1, 4
440, 4, 3, 0
441, 2, 0, 0
442, 5, 2, 1
443, 2, 3, 2
444, 4, 4, 1
445, 2, 4, 1
446, 4, 0, 1
447, 5, 2, 3
448, 1, 3, 4
449, 3, 2, 1
450, 5, 2, 0
451, 4, 2, 3
452, 5, 3, 1
453, 2, 0, 3
454, 3, 3, 0
455, 1, 0, 1
456, 1, 3, 3
457, 4, 2, 0
458, 3, 2, 3
459, 5, 2, 4
460, 1, 3, 4
461, 2, 2, 1
462, 5, 3, 1
463, 4, 4, 2
464, 3, 1, 2
465, 3, 2, 1
466, 1, 2, 2
467, 3, 1, 4
468, 4, 4, 0
469, 5, 3, 0
470, 1, 1, 1
471, 2, 1, 0
472, 5, 2, 1
473, 3, 3, 1
474, 5, 4, 0
475, 3, 1, 1
476, 5, 3, 1
477, 5, 4, 4
478, 1, 3, 4
479, 3, 2, 3
480, 3, 3, 0
481, 2, 2, 3
482, 3, 1, 0
483, 4, 2, 2
484, 5, 2, 0
485, 5, 2, 0
486, 1, 2, 2
487, 3, 3, 4
488, 3, 3, 1
489, 4, 1, 0
490, 1, 2, 0
491, 5, 2, 2
492, 3, 3, 1
493, 2, 3, 2
494, 1, 1, 4
495, 1, 1, 0
496, 1, 1, 2
497, 4, 2, 4
498, 3, 0, 0
499, 2, 3, 4
500, 3, 0, 3
501, 1, 3, 0
502, 3, 0, 1
503, 2, 2, 2
504, 2, 4, 2
505, 1, 3, 2
506, 5, 2, 1
507, 3, 2, 0
508, 3, 2, 4
509, 1, 0, 4
510, 4, 4, 2
511, 2, 1, 3
512, 1, 0, 0
513, 2, 0, 2
514, 2, 1, 3
515, 2, 4, 2
516, 2, 1, 0
517, 5, 0, 4
518, 3, 1, 4
519, 3, 4, 0
520, 3, 2, 2
521, 5, 1, 3
522, 5, 1, 1
523, 1, 4, 3
524, 1, 0, 2
525, 1, 3, 4
526, 4, 2, 4
527, 1, 0, 0
528, 3, 2, 1
529, 2, 1, 3
530, 4, 0, 2
531, 2, 1, 3
532, 4, 3, 2
533, 1, 1, 1
534, 3, 4, 1
535, 4, 0, 2
536, 3, 0, 1
537, 3, 1, 1
538, 5, 2, 1
539, 1, 0, 2
540, 4, 2, 3
541, 4, 0, 0
542, 5, 0, 1
543, 5, 2, 0
544, 3, 0, 1
545, 4, 2, 4
546, 3, 0, 3
547, 5, 4, 2
548, 3, 2, 0
549, 3, 1, 4
550, 5, 2, 2
551, 3, 4, 3
552, 1, 4, 4
553, 1, 4, 1
554, 1, 3, 1
555, 4, 1, 4
556, 3, 0, 4
557, 1, 1, 1
558, 1, 2, 0
559, 2, 4, 2
560, 3, 2, 0
561, 1, 0, 2
562, 5, 0, 1
563, 4, 3, 2
564, 3, 4, 4
565, 4, 2, 3
566, 2, 0, 4
567, 2, 3, 2
568, 5, 1, 4
569, 2, 2, 4
570, 2, 2, 1
571, 5, 2, 0
572, 1, 4, 1
573, 3, 3, 4
574, 1, 3, 1
575, 3, 1, 1
576, 1, 4, 0
577, 2, 1, 1
578, 5, 2, 4
579, 5, 1, 4
580, 3, 1, 1
581, 4, 4, 4
582, 5, 4, 1
583, 5, 2, 2
584, 5, 4, 4
585, 2, 3, 1
586, 3, 2, 4
587, 2, 2, 4
588, 5, 4, 2
589, 4, 1, 0
590, 3, 4, 4
591, 4, 2, 4
592, 1, 4, 0
593, 4, 1, 2
594, 2, 2, 1
595, 1, 1, 2
596, 4, 1, 1
597, 4, 2, 2
598, 2, 1, 0
599, 2, 2, 1
600, 4, 3, 2
601, 1, 3, 1
602, 3, 4, 1
603, 2, 2, 4
604, 5, 2, 3
605, 4, 1, 4
606, 1, 2, 4
607, 3, 4, 4
608, 4, 4, 0
609, 3, 2, 3
610, 3, 4, 3
611, 5, 1, 2
612, 5, 2, 1
613, 1, 4, 3
614, 1, 4, 2
615, 4, 1, 2
616, 4, 0, 3
617, 1, 1, 0
618, 1, 4, 1
619, 5, 0, 2
620, 5, 4, 3
621, 3, 0, 4
622, 3, 1, 4
623, 4, 2, 2
624, 2, 0, 0
625, 4, 2, 4
626, 1, 2, 2
627, 2, 3, 0
628, 1, 0, 0
629, 4, 3, 0
630, 3, 1, 2
631, 1, 2, 3
632, 5, 3, 3
633, 3, 2, 4
634, 2, 4, 3
635, 1, 3, 3
636, 2, 3, 0
637, 5, 1, 2
638, 2, 4, 0
639, 5, 4, 3
640, 5, 0, 3
641, 2, 4, 4
642, 4, 0, 0
643, 2, 0, 4
644, 3, 2, 2
645, 2, 1, 3
646, 3, 3, 3
647, 1, 4, 1
648, 3, 1, 2
649, 2, 3, 1
650, 3, 4, 3
651, 3, 1, 4
652, 3, 2, 0
653, 3, 4, 2
654, 3, 1, 0
655, 3, 2, 1
656, 4, 0, 3
657, 4, 0, 3
658, 3, 0, 0
659, 1, 2, 4
660, 4, 1, 3
661, 4, 4, 0
662, 1, 2, 1
663, 4, 1, 1
664, 5, 1, 1
665, 4, 1, 3
666, 4, 3, 1
667, 1, 4, 1
668, 2, 1, 3
669, 5, 3, 0
670, 2, 3, 4
671, 2, 4, 3
672, 3, 3, 1
673, 3, 3, 1
674, 1, 0, 4
675, 2, 4, 4
676, 2, 3, 4
677, 4, 4, 1
678, 2, 3, 2
679, 1, 2, 2
680, 3, 3, 4
681, 3, 0, 0
682, 5, 1, 3
683, 4, 1, 4
684, 5, 4, 4
685, 3, 4, 3
686, 1, 4, 2
687, 1, 3, 2
688, 3, 2, 2
689, 1, 0, 2
690, 3, 2, 3
691, 1, 1, 2
692, 5, 4, 2
693, 5, 2, 3
694, 2, 0, 2
695, 2, 2, 2
696, 3, 2, 0
697, 2, 4, 4
698, 3, 0, 0
699, 5, 2, 3
700, 3, 4, 4
701, 5, 4, 3
702, 3, 4, 4
703, 5, 1, 3
704, 4, 1, 4
705, 3, 2, 2
706, 5, 0, 2
707, 4, 3, 3
708, 3, 3, 1
709, 1, 4, 0
710, 5, 2, 0
711, 3, 1, 1
712, 1, 4, 3
713, 1, 1, 1
714, 1, 1, 4
715, 4, 1, 1
716, 5, 0, 4
717, 3, 2, 0
718, 3, 4, 2
719, 3, 1, 2
720, 3, 0, 1
721, 3, 2, 3
722, 2, 4, 0
723, 3, 0, 3
724, 5, 2, 2
725, 2, 1, 0
726, 2, 1, 3
727, 1, 1, 1
728, 5, 2, 2
729, 1, 3, 4
730, 4, 2, 4
731, 1, 0, 3
732, 2, 3, 0
733, 2, 1, 0
734, 4, 4, 3
735, 1, 4, 0
736, 2, 2, 1
737, 1, 4, 1
738, 1, 0, 4
739, 3, 0, 2
740, 4, 2, 2
741, 1, 3, 0
742, 1, 1, 1
743, 3, 1, 1
744, 3, 0, 0
745, 4, 1, 0
746, 4, 4, 3
747, 3, 4, 3
748, 5, 2, 4
749, 5, 2, 1
750, 5, 3, 3
751, 2, 0, 3
752, 4, 4, 1
753, 3, 2, 3
754, 3, 3, 0
755, 3, 3, 2
756, 2, 2, 2
757, 4, 4, 1
758, 4, 0, 2
759, 2, 2, 2
760, 1, 4, 1
761, 3, 0, 4
762, 4, 1, 3
763, 4, 3, 3
764, 4, 0, 4
765, 2, 4, 4
766, 3, 3, 1
767, 3, 3, 0
768, 1, 0, 4
769, 3, 2, 4
770, 4, 2, 1
771, 4, 3, 0
772, 5, 1, 3
773, 3, 4, 2
774, 3, 0, 3
775, 4, 3, 1
776, 4, 1, 2
777, 2, 2, 0
778, 2, 0, 2
779, 1, 2, 3
780, 3, 0, 3
781, 5, 4, 0
782, 4, 2, 1
783, 3, 3, 0
784, 3, 4, 0
785, 3, 0, 0
786, 1, 1, 1
787, 4, 1, 1
788, 2, 0, 0
789, 3, 0, 1
790, 2, 1, 1
791, 3, 0, 2
792, 5, 0, 4
793, 5, 2, 3
794, 4, 3, 3
795, 3, 1, 2
796, 4, 0, 4
797, 3, 4, 3
798, 1, 4, 4
799, 3, 3, 3
800, 2, 2, 4
801, 1, 4, 3
802, 4, 3, 0
803, 2, 4, 1
804, 5, 3, 2
805, 3, 0, 3
806, 2, 1, 2
807, 5, 2, 4
808, 2, 0, 2
809, 5, 2, 1
810, 5, 2, 3
811, 1, 0, 4
812, 1, 2, 0
813, 3, 1, 3
814, 5, 1, 2
815, 1, 2, 3
816, 2, 3, 2
817, 1, 2, 3
818, 5, 2, 2
819, 2, 2, 4
820, 2, 4, 4
821, 4, 3, 3
822, 5, 1, 3
823, 3, 4, 3
824, 4, 0, 2
825, 4, 2, 3
826, 4, 4, 2
827, 5, 4, 2
828, 2, 1, 2
829, 2, 3, 3
830, 3, 3, 1
831, 5, 2, 0
832, 1, 3, 1
833, 2, 1, 3
834, 5, 2, 3
835, 3, 1, 0
836, 3, 3, 4
837, 5, 3, 4
838, 3, 0, 2
839, 4, 0, 3
840, 5, 1, 2
841, 4, 4, 1
842, 5, 4, 2
843, 1, 2, 0
844, 4, 4, 4
845, 2, 4, 4
846, 1, 4, 3
847, 5, 3, 1
848, 4, 4, 2
849, 2, 1, 4
850, 5, 1, 1
851, 5, 1, 2
852, 5, 3, 3
853, 5, 0, 4
854, 4, 2, 2
855, 4, 1, 3
856, 3, 3, 2
857, 1, 3, 4
858, 1, 0, 0
859, 5, 2, 0
860, 5, 2, 4
861, 2, 4, 0
862, 1, 0, 4
863, 5, 3, 4
864, 4, 1, 3
865, 5, 4, 4
866, 3, 3, 2
867, 3, 2, 4
868, 5, 3, 0
869, 4, 0, 1
870, 3, 4, 0
871, 5, 1, 0
872, 4, 3, 4
873, 5, 2, 3
874, 1, 2, 4
875, 4, 4, 2
876, 5, 3, 3
877, 3, 4, 1
878, 3, 4, 1
879, 1, 1, 2
880, 5, 3, 4
881, 5, 0, 1
882, 3, 2, 0
883, 2, 4, 0
884, 1, 2, 1
885, 3, 1, 4
886, 3, 0, 1
887, 2, 2, 4
888, 2, 3, 1
889, 5, 2, 1
890, 3, 3, 1
891, 3, 4, 0
892, 1, 2, 0
893, 1, 4, 4
894, 3, 1, 1
895, 4, 1, 0
896, 1, 3, 2
897, 3, 1, 2
898, 4, 0, 3
899, 3, 2, 0
900, 3, 1, 1
901, 3, 3, 1
902, 5, 1, 0
903, 3, 1, 0
904, 2, 0, 1
905, 5, 3, 1
906, 1, 1, 4
907, 4, 2, 1
908, 5, 3, 0
909, 4, 0, 3
910, 3, 3, 0
911, 5, 3, 3
912, 5, 2, 1
913, 4, 4, 0
914, 5, 4, 0
915, 1, 2, 1
916, 5, 4, 0
917, 1, 3, 2
918, 3, 1, 2
919, 2, 1, 4
920, 1, 0, 0
921, 3, 1, 0
922, 1, 1, 1
923, 4, 4, 0
924, 2, 4, 4
925, 3, 1, 3
926, 4, 0, 2
927, 5, 4, 4
928, 2, 4, 4
929, 5, 0, 4
930, 3, 2, 1
931, 5, 0, 2
932, 2, 0, 4
933, 4, 0, 0
934, 2, 0, 0
935, 5, 0, 4
936, 4, 3, 1
937, 1, 0, 1
938, 4, 0, 4
939, 4, 1, 4
940, 4, 2, 3
941, 4, 0, 3
942, 1, 4, 4
943, 4, 4, 2
944, 3, 4, 0
945, 2, 0, 4
946, 5, 3, 2
947, 3, 3, 1
948, 2, 0, 4
949, 1, 2, 4
950, 5, 3, 0
951, 5, 1, 2
952, 1, 4, 0
953, 4, 2, 3
954, 4, 1, 3
955, 3, 1, 2
956, 2, 3, 0
957, 1, 2, 4
958, 5, 1, 1
959, 5, 3, 4
960, 2, 1, 4
961, 2, 4, 4
962, 4, 1, 3
963, 4, 1, 4
964, 4, 4, 2
965, 5, 3, 0
966, 1, 4, 4
967, 4, 3, 3
968, 1, 4, 0
969, 2, 3, 3
970, 4, 4, 3
971, 2, 1, 0
972, 2, 0, 4
973, 4, 0, 0
974, 4, 3, 2
975, 5, 1, 1
976, 5, 1, 2
977, 1, 0, 1
978, 4, 1, 4
979, 3, 4, 0
980, 5, 3, 2
981, 3, 1, 3
982, 4, 2, 0
983, 4, 3, 1
984, 2, 2, 3
985, 1, 2, 0
986, 2, 2, 2
987, 5, 4, 4
988, 1, 2, 2
989, 4, 4, 1
990, 1, 3, 4
991, 3, 0, 2
992, 5, 0, 1
993, 3, 3, 1
994, 2, 4, 0
995, 4, 3, 2
996, 4, 1, 2
997, 3, 1, 3
998, 3, 2, 4
999, 1, 3, 2
1000, 5, 4, 0
1001, 3, 1, 0
1002, 5, 3, 3
1003, 5, 2, 2
1004, 1, 4, 3
1005, 4, 1, 3
1006, 4, 3, 3
1007, 3, 0, 0
1008, 1, 4, 0
1009, 5, 1, 4
1010, 5, 0, 2
1011, 3, 4, 4
1012, 2, 1, 0
1013, 2, 2, 1
1014, 4, 1, 1
1015, 3, 4, 3
1016, 5, 4, 1
1017, 5, 4, 1
1018, 3, 2, 1
1019, 3, 2, 3
1020, 1, 4, 4
1021, 4, 2, 2
1022, 1, 3, 3
1023, 4, 0, 0
1024, 3, 1, 1
1025, 4, 3, 3
1026, 5, 3, 4
1027, 5, 3, 0
1028, 1, 2, 4
1029, 2, 2, 2
1030, 3, 3, 2
1031, 2, 0, 1
1032, 1, 0, 2
1033, 3, 2, 2
1034, 1, 2, 2
1035, 3, 4, 3
1036, 5, 0, 2
1037, 3, 3, 1
1038, 1, 4, 0
1039, 1, 2, 2
1040, 2, 1, 0
1041, 2, 1, 3
1042, 1, 2, 4
1043, 4, 2, 2
1044, 5, 4, 4
1045, 1, 3, 3
1046, 5, 0, 4
1047, 5, 0, 3
1048, 4, 4, 3
1049, 1, 4, 3
1050, 2, 3, 1
1051, 1, 3, 1
1052, 2, 2, 1
1053, 4, 0, 3
1054, 5, 4, 1
1055, 3, 4, 1
1056, 3, 0, 3
1057, 3, 2, 0
1058, 5, 2, 4
1059, 3, 4, 3
1060, 4, 1, 2
1061, 5, 1, 4
1062, 3, 1, 1
1063, 1, 2, 1
1064, 3, 1, 2
1065, 2, 4, 0
1066, 3, 3, 2
1067, 4, 1, 1
1068, 5, 0, 3
1069, 2, 3, 2
1070, 1, 4, 0
1071, 5, 2, 3
1072, 3, 0, 0
1073, 1, 0, 1
1074, 3, 3, 2
1075, 4, 1, 2
1076, 5, 2, 3
1077, 2, 0, 4
1078, 3, 2, 0
1079, 1, 1, 4
1080, 5, 0, 1
1081, 5, 1, 0
1082, 4, 4, 3
1083, 3, 0, 3
1084, 5, 2, 0
1085, 4, 4, 1
1086, 4, 0, 1
1087, 2, 0, 4
1088, 1, 2, 0
1089, 1, 4, 2
1090, 3, 0, 0
1091, 4, 4, 1
1092, 2, 3, 1
1093, 4, 3, 2
1094, 4, 2, 3
1095, 5, 2, 2
1096, 1, 4, 3
1097, 4, 4, 3
1098, 3, 2, 4
1099, 3, 0, 0
1100, 5, 0, 1
1101, 2, 3, 1
1102, 3, 2, 3
1103, 4, 3, 4
1104, 2, 0, 2
1105, 4, 1, 2
1106, 5, 0, 3
1107, 4, 2, 3
1108, 3, 0, 4
1109, 2, 3, 3
1110, 5, 1, 0
1111, 1, 0, 0
1112, 2, 4, 1
1113, 4, 0, 2
1114, 5, 2, 1
1115, 1, 1, 1
1116, 4, 0, 3
1117, 4, 3, 0
1118, 5, 4, 2
1119, 1, 0, 3
1120, 1, 1, 1
1121, 1, 2, 1
1122, 4, 0, 1
1123, 1, 2, 3
1124, 1, 4, 3
1125, 2, 0, 3
1126, 2, 4, 4
1127, 5, 1, 4
1128, 4, 2, 0
1129, 1, 2, 1
1130, 5, 3, 1
1131, 3, 2, 2
1132, 1, 1, 4
1133, 4, 4, 2
1134, 2, 0, 2
1135, 4, 1, 1
1136, 5, 0, 3
1137, 1, 0, 2
1138, 5, 1, 4
1139, 5, 3, 1
1140, 2, 3, 1
1141, 3, 4, 1
1142, 3, 0, 4
1143, 2, 3, 2
1144, 4, 0, 0
1145, 3, 2, 4
1146, 5, 0, 4
1147, 5, 0, 4
1148, 4, 2, 2
1149, 2, 3, 3
1150, 4, 2, 1
1151, 3, 2, 2
1152, 2, 3, 3
1153, 2, 3, 4
1154, 2, 3, 4
1155, 3, 0, 4
1156, 2, 0, 0
1157, 2, 1, 3
1158, 3, 1, 1
1159, 4, 1, 0
1160, 5, 0, 3
1161, 5, 2, 4
1162, 5, 1, 0
1163, 5, 3, 4
1164, 5, 4, 4
1165, 1, 0, 0
1166, 3, 4, 1
1167, 4, 2, 1
1168, 5, 2, 3
1169, 5, 2, 3
1170, 2, 1, 4
1171, 4, 4, 3
1172, 4, 3, 0
1173, 4, 0, 0
1174, 5, 3, 4
1175, 1, 2, 2
1176, 3, 2, 3
1177, 4, 1, 1
1178, 1, 4, 3
1179, 4, 3, 0
1180, 4, 3, 0
1181, 1, 4, 1
1182, 3, 2, 2
1183, 1, 4, 4
1184, 5, 4, 4
1185, 3, 4, 1
1186, 4, 2, 0
1187, 1, 3, 1
1188, 4, 1, 1
1189, 4, 2, 1
1190, 5, 4, 0
1191, 1, 3, 3
1192, 2, 0, 3
1193, 5, 4, 0
1194, 2, 1, 1
1195, 2, 1, 4
1196, 4, 4, 3
1197, 3, 0, 4
1198, 5, 0, 2
1199, 4, 3, 3
1200, 1, 2, 0
1201, 4, 1, 0
1202, 1, 2, 3
1203, 1, 3, 4
1204, 5, 4, 2
1205, 3, 1, 2
1206, 1, 4, 2
1207, 2, 4, 0
1208, 4, 1, 0
1209, 4, 4, 2
1210, 1, 2, 0
1211, 3, 4, 4
1212, 4, 4, 3
1213, 1, 0, 0
1214, 4, 0, 0
1215, 4, 2, 4
1216, 4, 4, 4
1217, 2, 1, 3
1218, 5, 2, 2
1219, 3, 0, 2
1220, 4, 4, 3
1221, 2, 2, 0
1222, 4, 2, 1
1223, 1, 0, 2
1224, 5, 4, 3
1225, 3, 4, 3
1226, 1, 2, 2
1227, 4, 3, 1
1228, 3, 3, 4
1229, 3, 3, 2
1230, 1, 3, 2
1231, 2, 3, 4
1232, 2, 0, 3
1233, 2, 3, 0
1234, 4, 2, 4
1235, 2, 3, 0
1236, 5, 4, 1
1237, 5, 2, 0
1238, 5, 0, 3
1239, 4, 0, 1
1240, 3, 1, 0
1241, 2, 3, 4
1242, 5, 0, 0
1243, 3, 1, 4
1244, 4, 2, 4
1245, 4, 3, 0
1246, 4, 0, 2
1247, 4, 4, 4
1248, 5, 1, 4
1249, 5, 3, 2
1250, 5, 4, 3
1251, 1, 4, 1
1252, 1, 3, 2
1253, 1, 3, 1
1254, 4, 4, 0
1255, 2, 1, 0
1256, 2, 1, 4
1257, 1, 4, 3
1258, 2, 2, 4
1259, 4, 0, 0
1260, 3, 2, 2
1261, 5, 4, 3
1262, 2, 1, 0
1263, 5, 4, 0
1264, 3, 4, 4
1265, 1, 0, 4
1266, 5, 2, 2
1267, 4, 0, 4
1268, 4, 0, 4
1269, 5, 0, 1
1270, 5, 3, 1
1271, 1, 3, 3
1272, 3, 3, 1
1273, 5, 2, 2
1274, 4, 3, 3
1275, 4, 4, 4
1276, 2, 1, 0
1277, 3, 0, 1
1278, 1, 4, 1
1279, 1, 1, 4
1280, 1, 2, 2
1281, 1, 0, 3
1282, 2, 4, 4
1283, 2, 2, 0
1284, 3, 0, 3
1285, 3, 0, 3
1286, 3, 2, 2
1287, 5, 3, 3
1288, 4, 2, 2
1289, 1, 3, 3
1290, 5, 1, 2
1291, 5, 0, 3
1292, 3, 3, 1
1293, 4, 0, 2
1294, 3, 2, 4
1295, 2, 2, 0
1296, 4, 1, 1
1297, 3, 0, 4
1298, 3, 4, 4
1299, 1, 3, 2
1300, 3, 4, 4
1301, 4, 2, 0
1302, 5, 3, 4
1303, 3, 4, 2
1304, 5, 4, 3
1305, 5, 1, 1
1306, 3, 1, 3
1307, 4, 1, 3
1308, 1, 2, 3
1309, 3, 4, 4
1310, 4, 0, 2
1311, 4, 4, 1
1312, 3, 4, 2
1313, 3, 3, 4
1314, 3, 0, 0
1315, 4, 0, 1
1316, 2, 1, 1
1317, 2, 3, 2
1318, 4, 4, 4
1319, 3, 2, 2
1320, 1, 3, 3
1321, 1, 4, 3
1322, 5, 0, 0
1323, 1, 2, 4
1324, 4, 0, 1
1325, 1, 0, 3
1326, 1, 3, 1
1327, 1, 4, 3
1328, 1, 0, 3
1329, 3, 3, 1
1330, 4, 4, 1
1331, 3, 1, 1
1332, 1, 4, 0
1333, 4, 3, 4
1334, 3, 3, 1
1335, 2, 0, 1
1336, 5, 4, 3
1337, 2, 2, 2
1338, 2, 4, 3
1339, 2, 1, 4
1340, 2, 0, 0
1341, 1, 3, 3
1342, 3, 1, 3
1343, 4, 2, 4
1344, 4, 0, 0
1345, 2, 0, 2
1346, 3, 1, 2
1347, 1, 3, 2
1348, 2, 3, 1
1349, 1, 0, 4
1350, 3, 1, 3
1351, 2, 3, 2
1352, 2, 2, 3
1353, 3, 1, 1
1354, 3, 0, 1
1355, 4, 1, 2
1356, 4, 2, 3
1357, 2, 4, 0
1358, 4, 0, 0
1359, 1, 1, 0
1360, 3, 2, 0
1361, 4, 1, 0
1362, 2, 3, 0
1363, 5, 0, 4
1364, 5, 0, 0
1365, 4, 1, 2
1366, 3, 2, 1
1367, 2, 2, 1
1368, 5, 2, 4
1369, 5, 1, 1
1370, 4, 1, 0
1371, 4, 0, 1
1372, 2, 2, 4
1373, 4, 2, 0
1374, 2, 4, 0
1375, 2, 1, 3
1376, 5, 1, 0
1377, 5, 0, 0
1378, 2, 4, 4
1379, 2, 1, 3
1380, 4, 2, 0
1381, 3, 2, 3
1382, 5, 3, 3
1383, 4, 3, 3
1384, 2, 3, 1
1385, 3, 2, 3
1386, 1, 4, 1
1387, 2, 1, 2
1388, 3, 4, 0
1389, 5, 1, 3
1390, 3, 4, 0
1391, 2, 0, 2
1392, 4, 2, 3
1393, 4, 4, 4
1394, 3, 0, 0
1395, 1, 2, 3
1396, 3, 0, 1
1397, 2, 4, 2
1398, 3, 3, 4
1399, 1, 0, 0
1400, 2, 1, 0
1401, 3, 1, 0
1402, 1, 0, 0
1403, 1, 3, 1
1404, 5, 3, 2
1405, 2, 4, 3
1406, 1, 0, 0
1407, 3, 4, 0
1408, 5, 1, 1
1409, 3, 3, 1
1410, 3, 2, 0
1411, 3, 0, 2
1412, 3, 4, 4
1413, 5, 3, 2
1414, 5, 4, 2
1415, 2, 3, 3
1416, 1, 3, 0
1417, 4, 0, 4
1418, 3, 4, 1
1419, 3, 1, 4
1420, 1, 0, 4
1421, 4, 2, 4
1422, 2, 3, 0
1423, 2, 3, 4
1424, 4, 4, 3
1425, 5, 3, 3
1426, 3, 1, 4
1427, 2, 4, 1
1428, 5, 2, 4
1429, 3, 3, 3
1430, 3, 2, 3
1431, 3, 4, 3
1432, 5, 4, 2
1433, 1, 3, 0
1434, 2, 0, 3
1435, 1, 2, 3
1436, 3, 4, 3
1437, 1, 3, 4
1438, 1, 3, 0
1439, 1, 4, 4
1440, 4, 4, 4
1441, 1, 0, 1
1442, 5, 4, 2
1443, 3, 1, 2
1444, 2, 1, 2
1445, 1, 3, 0
1446, 3, 0, 1
1447, 4, 4, 4
1448, 4, 3, 2
1449, 4, 2, 1
1450, 1, 0, 4
1451, 5, 1, 1
1452, 5, 4, 3
1453, 2, 2, 3
1454, 4, 3, 3
1455, 5, 2, 0
1456, 4, 2, 2
1457, 2, 1, 3
1458, 1, 1, 2
1459, 2, 2, 2
1460, 5, 1, 4
1461, 5, 4, 0
1462, 2, 1, 4
1463, 4, 3, 4
1464, 5, 4, 2
1465, 1, 1, 2
1466, 2, 3, 2
1467, 2, 4, 0
1468, 4, 4, 3
1469, 2, 0, 3
1470, 4, 4, 1
1471, 5, 2, 0
1472, 2, 4, 0
1473, 4, 0, 1
1474, 1, 4, 2
1475, 5, 3, 2
1476, 5, 4, 1
1477, 5, 4, 1
1478, 2, 4, 4
1479, 1, 2, 1
1480, 2, 4, 4
1481, 1, 4, 0
1482, 2, 1, 1
1483, 4, 3, 3
1484, 5, 1, 3
1485, 3, 2, 0
1486, 4, 1, 2
1487, 1, 4, 0
1488, 2, 1, 3
1489, 1, 3, 1
1490, 2, 2, 2
1491, 3, 0, 2
1492, 5, 3, 3
1493, 5, 1, 1
1494, 1, 0, 4
1495, 2, 2, 0
1496, 5, 4, 0
1497, 5, 2, 0
1498, 4, 0, 4
1499, 3, 2, 1
1500, 5, 3, 3
1501, 3, 4, 1
1502, 4, 2, 1
1503, 4, 3, 3
1504, 2, 2, 2
1505, 4, 3, 1
1506, 1, 1, 3
1507, 3, 3, 4
1508, 5, 3, 1
1509, 1, 1, 3
1510, 1, 0, 1
1511, 1, 3, 2
1512, 4, 1, 1
1513, 2, 4, 0
1514, 5, 0, 0
1515, 3, 4, 1
1516, 3, 3, 4
1517, 2, 1, 1
1518, 4, 2, 1
1519, 3, 1, 4
1520, 4, 2, 1
1521, 5, 3, 3
1522, 3, 4, 4
1523, 4, 1, 3
1524, 2, 3, 3
1525, 1, 2, 0
1526, 4, 1, 3
1527, 5, 3, 3
1528, 3, 2, 1
1529, 2, 3, 4
1530, 3, 3, 4
1531, 1, 2, 2
1532, 5, 0, 2
1533, 2, 3, 4
1534, 3, 2, 2
1535, 1, 3, 3
1536, 5, 2, 2
1537, 3, 1, 3
1538, 3, 2, 2
1539, 3, 4, 0
1540, 5, 2, 2
1541, 1, 4, 0
1542, 5, 3, 2
1543, 5, 2, 2
1544, 5, 4, 2
1545, 5, 2, 0
1546, 1, 1, 3
1547, 4, 4, 3
1548, 2, 0, 4
1549, 1, 1, 2
1550, 3, 0, 1
1551, 1, 1, 3
1552, 4, 3, 0
1553, 3, 4, 0
1554, 3, 2, 4
1555, 2, 0, 2
1556, 2, 2, 2
1557, 1, 4, 3
1558, 2, 1, 0
1559, 5, 4, 0
1560, 1, 2, 3
1561, 3, 4, 4
1562, 2, 1, 4
1563, 3, 2, 2
1564, 1, 2, 3
1565, 2, 1, 3
1566, 2, 0, 0
1567, 2, 2, 4
1568, 1, 1, 4
1569, 5, 1, 2
1570, 5, 2, 2
1571, 4, 4, 2
1572, 2, 0, 4
1573, 5, 0, 0
1574, 4, 3, 4
1575, 1, 3, 0
1576, 4, 0, 1
1577, 1, 2, 0
1578, 3, 2, 3
1579, 4, 0, 1
1580, 1, 3, 4
1581, 3, 2, 2
1582, 1, 0, 0
1583, 5, 4, 1
1584, 5, 4, 0
1585, 2, 0, 0
1586, 3, 3, 3
1587, 4, 4, 4
1588, 2, 3, 3
1589, 1, 2, 4
1590, 1, 0, 0
1591, 2, 1, 4
1592, 1, 4, 0
1593, 5, 1, 1
1594, 3, 1, 0
1595, 5, 2, 0
1596, 3, 0, 2
1597, 5, 1, 1
1598, 3, 4, 1
1599, 1, 2, 4
1600, 1, 0, 2
1601, 4, 3, 0
1602, 1, 2, 3
1603, 1, 2, 0
1604, 4, 1, 2
1605, 5, 3, 1
1606, 1, 4, 0
1607, 4, 0, 1
1608, 1, 1, 4
1609, 2, 4, 1
1610, 4, 4, 4
1611, 2, 4, 2
1612, 5, 3, 0
1613, 1, 3, 0
1614, 5, 4, 2
1615, 3, 4, 1
1616, 5, 1, 0
1617, 4, 0, 1
1618, 2, 2, 4
1619, 1, 1, 1
1620, 3, 4, 1
1621, 3, 1, 0
1622, 4, 3, 1
1623, 2, 1, 2
1624, 2, 1, 4
1625, 1, 1, 2
1626, 1, 2, 2
1627, 4, 2, 3
1628, 5, 0, 3
1629, 2, 0, 1
1630, 1, 4, 1
1631, 3, 1, 0
1632, 5, 2, 0
1633, 1, 1, 0
1634, 2, 4, 1
1635, 2, 3, 3
1636, 5, 1, 0
1637, 1, 4, 2
1638, 4, 4, 4
1639, 1, 4, 4
1640, 3, 3, 3
1641, 3, 1, 2
1642, 4, 3, 2
1643, 3, 4, 3
1644, 2, 3, 1
1645, 4, 1, 2
1646, 5, 2, 2
1647, 5, 4, 1
1648, 4, 4, 1
1649, 1, 4, 2
1650, 3, 2, 1
1651, 1, 4, 0
1652, 2, 2, 4
1653, 4, 0, 4
1654, 2, 4, 1
1655, 3, 3, 0
1656, 2, 1, 3
1657, 4, 1, 4
1658, 4, 1, 2
1659, 4, 4, 2
1660, 4, 3, 1
1661, 5, 4, 2
1662, 3, 3, 4
1663, 4, 4, 1
1664, 4, 2, 4
1665, 5, 4, 3
1666, 3, 3, 4
1667, 5, 1, 3
1668, 4, 2, 0
1669, 5, 1, 0
1670, 3, 2, 3
1671, 2, 3, 4
1672, 4, 0, 0
1673, 1, 2, 1
1674, 5, 2, 0
1675, 1, 1, 2
1676, 2, 3, 0
1677, 1, 3, 3
1678, 3, 1, 3
1679, 3, 2, 4
1680, 1, 2, 1
1681, 2, 1, 2
1682, 1, 3, 3
1683, 5, 2, 0
1684, 4, 4, 1
1685, 5, 2, 2
1686, 4, 4, 1
1687, 3, 1, 2
1688, 3, 1, 3
1689, 1, 2, 3
1690, 1, 1, 2
1691, 5, 3, 3
1692, 2, 4, 2
1693, 3, 1, 2
1694, 3, 2, 1
1695, 1, 1, 1
1696, 2, 4, 2
1697, 2, 3, 1
1698, 4, 3, 3
1699, 2, 3, 2
1700, 4, 0, 4
1701, 3, 3, 0
1702, 2, 2, 4
1703, 4, 1, 1
1704, 3, 0, 1
1705, 3, 4, 4
1706, 2, 3, 4
1707, 1, 1, 0
1708, 1, 3, 1
1709, 2, 4, 4
1710, 3, 2, 2
1711, 3, 0, 0
1712, 4, 1, 3
1713, 4, 0, 3
1714, 3, 4, 3
1715, 1, 2, 2
1716, 2, 2, 2
1717, 3, 1, 0
1718, 4, 1, 3
1719, 3, 1, 3
1720, 3, 4, 0
1721, 3, 0, 4
1722, 5, 2, 3
1723, 4, 4, 0
1724, 5, 4, 2
1725, 3, 0, 0
1726, 5, 3, 4
1727, 5, 4, 3
1728, 3, 0, 3
1729, 2, 4, 1
1730, 2, 0, 3
1731, 2, 3, 3
1732, 2, 1, 0
1733, 4, 1, 1
1734, 5, 1, 1
1735, 5, 2, 2
1736, 4, 2, 4
1737, 2, 4, 4
1738, 3, 2, 0
1739, 3, 2, 2
1740, 4, 3, 3
1741, 1, 2, 1
1742, 4, 2, 2
1743, 5, 1, 4
1744, 1, 0, 0
1745, 5, 0, 0
1746, 5, 4, 2
1747, 3, 1, 1
1748, 3, 3, 1
1749, 5, 1, 3
1750, 2, 0, 4
1751, 3, 4, 3
1752, 1, 3, 2
1753, 2, 4, 0
1754, 4, 0, 2
1755, 2, 3, 2
1756, 5, 0, 0
1757, 4, 3, 2
1758, 1, 4, 3
1759, 5, 0, 4
1760, 4, 1, 1
1761, 4, 0, 3
1762, 5, 4, 3
1763, 3, 2, 0
1764, 5, 3, 4
1765, 1, 2, 1
1766, 5, 3, 2
1767, 1, 2, 4
1768, 1, 3, 1
1769, 3, 0, 4
1770, 5, 2, 0
1771, 5, 2, 2
1772, 4, 2, 1
1773, 3, 1, 3
1774, 2, 4, 1
1775, 5, 1, 4
1776, 2, 4, 4
1777, 4, 3, 1
1778, 5, 0, 1
1779, 4, 2, 3
1780, 5, 3, 1
1781, 4, 1, 1
1782, 2, 0, 3
1783, 2, 0, 4
1784, 1, 0, 1
1785, 3, 4, 4
1786, 1, 0, 0
1787, 4, 0, 3
1788, 3, 0, 4
1789, 5, 2, 3
1790, 2, 0, 1
1791, 4, 1, 3
1792, 5, 4, 3
1793, 2, 2, 0
1794, 4, 3, 0
1795, 2, 0, 2
1796, 2, 4, 4
1797, 2, 2, 3
1798, 1, 2, 1
1799, 5, 1, 1
1800, 1, 1, 2
1801, 3, 1, 4
1802, 5, 1, 2
1803, 5, 0, 2
1804, 5, 2, 3
1805, 4, 4, 2
1806, 1, 0, 1
1807, 4, 1, 1
1808, 5, 4, 4
1809, 2, 4, 3
1810, 5, 2, 1
1811, 3, 2, 0
1812, 4, 2, 0
1813, 1, 1, 4
1814, 3, 2, 1
1815, 4, 4, 4
1816, 4, 1, 3
1817, 4, 3, 2
1818, 2, 4, 1
1819, 1, 3, 3
1820, 1, 2, 1
1821, 1, 3, 1
1822, 4, 4, 2
1823, 5, 4, 0
1824, 4, 4, 4
1825, 3, 3, 1
1826, 4, 0, 0
1827, 1, 4, 1
1828, 4, 0, 3
1829, 2, 1, 3
1830, 2, 3, 0
1831, 5, 4, 3
1832, 5, 3, 1
1833, 1, 1, 3
1834, 3, 4, 1
1835, 5, 0, 4
1836, 1, 0, 0
1837, 2, 3, 2
1838, 5, 1, 3
1839, 2, 4, 0
1840, 2, 0, 3
1841, 4, 4, 1
1842, 2, 3, 0
1843, 1, 2, 3
1844, 3, 1, 2
1845, 3, 0, 0
1846, 3, 0, 2
1847, 4, 0, 2
1848, 3, 4, 0
1849, 5, 1, 3
1850, 2, 0, 2
1851, 4, 4, 1
1852, 5, 0, 0
1853, 2, 3, 0
1854, 4, 1, 0
1855, 5, 3, 0
1856, 1, 3, 1
1857, 1, 3, 1
1858, 5, 3, 0
1859, 1, 1, 3
1860, 2, 3, 3
1861, 3, 1, 1
1862, 1, 2, 3
1863, 3, 0, 4
1864, 3, 2, 1
1865, 3, 1, 1
1866, 1, 4, 0
1867, 4, 4, 3
1868, 1, 3, 2
1869, 2, 4, 1
1870, 3, 4, 0
1871, 3, 0, 0
1872, 1, 1, 1
1873, 4, 4, 2
1874, 2, 2, 0
1875, 1, 3, 3
1876, 5, 4, 2
1877, 3, 0, 4
1878, 4, 3, 4
1879, 2, 0, 2
1880, 5, 3, 3
1881, 5, 2, 3
1882, 4, 1, 0
1883, 3, 0, 0
1884, 4, 1, 2
1885, 3, 3, 1
1886, 3, 3, 3
1887, 2, 4, 0
1888, 1, 4, 3
1889, 4, 2, 2
1890, 3, 0, 0
1891, 4, 3, 1
1892, 2, 4, 0
1893, 5, 1, 1
1894, 4, 4, 3
1895, 4, 3, 3
1896, 4, 2, 1
1897, 3, 4, 2
1898, 5, 2, 0
1899, 5, 0, 2
1900, 4, 2, 1
1901, 5, 0, 3
1902, 5, 0, 0
1903, 3, 0, 4
1904, 1, 3, 2
1905, 2, 3, 3
1906, 4, 4, 4
1907, 5, 1, 0
1908, 3, 4, 3
1909, 4, 3, 1
1910, 4, 1, 0
1911, 3, 3, 0
1912, 5, 1, 2
1913, 5, 2, 4
1914, 5, 4, 4
1915, 2, 4, 0
1916, 4, 0, 2
1917, 3, 4, 0
1918, 2, 1, 4
1919, 1, 1, 2
1920, 3, 1, 4
1921, 4, 4, 4
1922, 5, 1, 3
1923, 4, 3, 0
1924, 5, 3, 0
1925, 3, 1, 0
1926, 1, 3, 1
1927, 1, 1, 1
1928, 5, 2, 4
1929, 2, 1, 4
1930, 2, 4, 3
1931, 1, 3, 2
1932, 4, 3, 0
1933, 4, 2, 4
1934, 2, 0, 0
1935, 2, 4, 4
1936, 2, 1, 1
1937, 5, 0, 1
1938, 5, 3, 4
1939, 4, 2, 0
1940, 3, 2, 1
1941, 2, 3, 0
1942, 5, 1, 1
1943, 4, 0, 0
1944, 5, 3, 1
1945, 1, 4, 4
1946, 2, 0, 2
1947, 1, 2, 1
1948, 3, 3, 0
1949, 5, 0, 1
1950, 4, 3, 4
1951, 3, 4, 4
1952, 4, 1, 1
1953, 3, 1, 3
1954, 2, 2, 1
1955, 3, 4, 3
1956, 4, 0, 2
1957, 4, 3, 0
1958, 5, 4, 3
1959, 3, 4, 0
1960, 3, 3, 3
1961, 3, 1, 2
1962, 3, 4, 0
1963, 1, 1, 2
1964, 2, 1, 2
1965, 2, 2, 2
1966, 5, 2, 4
1967, 5, 0, 1
1968, 3, 2, 3
1969, 4, 3, 0
1970, 2, 3, 1
1971, 5, 0, 4
1972, 1, 0, 1
1973, 4, 0, 1
1974, 3, 2, 1
1975, 4, 2, 3
1976, 3, 4, 4
1977, 3, 1, 3
1978, 2, 3, 0
1979, 1, 3, 2
1980, 4, 0, 2
1981, 1, 1, 3
1982, 4, 4, 3
1983, 5, 3, 2
1984, 1, 4, 0
1985, 3, 4, 4
1986, 5, 0, 0
1987, 3, 3, 4
1988, 3, 0, 4
1989, 4, 1, 3
1990, 1, 3, 0
1991, 5, 4, 2
1992, 1, 2, 3
1993, 1, 2, 2
1994, 4, 2, 4
1995, 4, 2, 2
1996, 4, 4, 1
1997, 4, 4, 4
1998, 5, 2, 2
1999, 2, 4, 3
2000, 4, 1, 2
2001, 3, 0, 0
2002, 4, 0, 4
2003, 3, 3, 4
2004, 2, 1, 3
2005, 3, 2, 3
2006, 5, 1, 3
2007, 2, 1, 3
2008, 4, 3, 1
2009, 5, 1, 4
2010, 3, 0, 0
2011, 1, 0, 3
2012, 1, 2, 4
2013, 5, 3, 1
2014, 2, 2, 4
2015, 1, 1, 4
2016, 3, 2, 1
2017, 3, 4, 3
2018, 3, 1, 0
2019, 5, 3, 2
2020, 4, 2, 2
2021, 2, 1, 0
2022, 1, 2, 0
2023, 1, 0, 4
2024, 5, 3, 2
2025, 4, 0, 4
2026, 2, 1, 4
2027, 1, 4, 2
2028, 4, 1, 3
2029, 5, 4, 1
2030, 3, 1, 4
2031, 5, 3, 3
2032, 4, 1, 1
2033, 1, 1, 4
2034, 3, 1, 2
2035, 5, 1, 3
2036, 2, 4, 1
2037, 1, 1, 2
2038, 3, 3, 2
2039, 4, 4, 4
2040, 5, 3, 0
2041, 2, 3, 1
2042, 3, 2, 1
2043, 1, 2, 2
2044, 4, 0, 4
2045, 3, 0, 4
2046, 4, 2, 2
2047, 5, 2, 2
2048, 2, 4, 4
2049, 5, 3, 4
2050, 2, 3, 0
2051, 5, 4, 3
2052, 1, 3, 4
2053, 4, 0, 0
2054, 1, 1, 2
2055, 3, 0, 1
2056, 1, 0, 0
2057, 5, 0, 1
2058, 2, 4, 0
2059, 4, 0, 0
2060, 3, 4, 3
2061, 2, 2, 2
2062, 2, 3, 2
2063, 2, 2, 3
2064, 2, 0, 0
2065, 4, 1, 4
2066, 2, 1, 1
2067, 4, 0, 2
2068, 5, 4, 1
2069, 2, 2, 4
2070, 3, 2, 3
2071, 3, 1, 4
2072, 1, 2, 4
2073, 2, 3, 1
2074, 2, 3, 1
2075, 4, 3, 3
2076, 1, 3, 1
2077, 2, 0, 4
2078, 3, 4, 0
2079, 3, 2, 1
2080, 5, 1, 1
2081, 4, 0, 3
2082, 4, 4, 2
2083, 4, 1, 2
2084, 3, 4, 3
2085, 3, 4, 1
2086, 3, 3, 4
2087, 3, 2, 4
2088, 4, 2, 3
2089, 4, 4, 3
2090, 4, 2, 0
2091, 4, 3, 3
2092, 2, 0, 3
2093, 4, 4, 3
2094, 3, 1, 3
2095, 2, 2, 2
2096, 3, 4, 0
2097, 5, 4, 4
2098, 3, 1, 4
2099, 3, 2, 1
2100, 2, 2, 2
2101, 3, 2, 1
2102, 3, 4, 4
2103, 1, 2, 1
2104, 4, 2, 0
2105, 3, 2, 1
2106, 4, 4, 1
2107, 1, 2, 2
2108, 4, 0, 1
2109, 5, 4, 0
2110, 4, 1, 0
2111, 1, 0, 3
2112, 2, 0, 0
2113, 5, 4, 1
2114, 1, 2, 4
2115, 2, 4, 1
2116, 4, 1, 4
2117, 3, 2, 2
2118, 5, 2, 4
2119, 2, 0, 0
2120, 3, 3, 0
2121, 2, 4, 1
2122, 3, 1, 0
2123, 1, 3, 1
2124, 3, 3, 2
2125, 5, 1, 0
2126, 1, 3, 4
2127, 5, 2, 3
2128, 2, 4, 4
2129, 1, 2, 2
2130, 2, 4, 0
2131, 4, 4, 1
2132, 2, 1, 2
2133, 1, 3, 0
2134, 1, 2, 4
2135, 4, 2, 4
2136, 4, 3, 1
2137, 5, 4, 3
2138, 1, 4, 2
2139, 5, 2, 3
2140, 3, 2, 0
2141, 2, 2, 4
2142, 5, 2, 4
2143, 2, 4, 0
2144, 2, 1, 2
2145, 2, 0, 4
2146, 1, 2, 3
2147, 2, 0, 2
2148, 3, 2, 2
2149, 3, 1, 2
2150, 4, 2, 1
2151, 1, 1, 1
2152, 1, 0, 4
2153, 2, 0, 1
2154, 3, 2, 3
2155, 5, 0, 3
2156, 1, 3, 2
2157, 5, 4, 1
2158, 1, 4, 4
2159, 1, 4, 3
2160, 1, 4, 3
2161, 4, 4, 2
2162, 3, 1, 4
2163, 4, 4, 1
2164, 3, 3, 2
2165, 4, 4, 3
2166, 3, 0, 4
2167, 2, 4, 1
2168, 4, 2, 1
2169, 5, 2, 0
2170, 1, 2, 2
2171, 3, 0, 0
2172, 1, 2, 4
2173, 2, 4, 1
2174, 4, 3, 3
2175, 1, 0, 1
2176, 4, 4, 0
2177, 5, 0, 1
2178, 3, 1, 0
2179, 3, 1, 2
2180, 5, 0, 1
2181, 4, 3, 4
2182, 4, 4, 1
2183, 1, 2, 1
2184, 5, 3, 1
2185, 2, 3, 0
2186, 2, 0, 4
2187, 1, 0, 0
2188, 4, 3, 2
2189, 2, 4, 4
2190, 1, 3, 2
2191, 2, 0, 1
2192, 4, 3, 0
2193, 5, 1, 2
2194, 1, 2, 1
2195, 1, 1, 1
2196, 2, 1, 4
2197, 1, 3, 2
2198, 1, 4, 1
2199, 5, 4, 4
2200, 5, 1, 3
2201, 3, 1, 1
2202, 5, 4, 2
2203, 1, 1, 2
2204, 2, 1, 3
2205, 5, 4, 4
2206, 2, 1, 2
2207, 1, 3, 2
2208, 5, 0, 2
2209, 3, 0, 3
2210, 5, 2, 3
2211, 3, 0, 3
2212, 3, 0, 0
2213, 4, 1, 2
2214, 2, 2, 3
2215, 1, 2, 2
2216, 3, 1, 0
2217, 1, 4, 0
2218, 2, 1, 4
2219, 3, 1, 2
2220, 1, 1, 1
2221, 1, 4, 0
2222, 1, 1, 1
2223, 1, 0, 4
2224, 5, 3, 2
2225, 2, 3, 3
2226, 3, 3, 4
2227, 1, 3, 2
2228, 5, 1, 1
2229, 1, 3, 0
2230, 4, 1, 0
2231, 2, 1, 1
2232, 5, 4, 3
2233, 5, 0, 1
2234, 2, 0, 0
2235, 4, 4, 2
2236, 2, 4, 3
2237, 1, 4, 4
2238, 3, 4, 3
2239, 3, 4, 3
2240, 2, 1, 1
2241, 1, 3, 1
2242, 4, 2, 1
2243, 3, 3, 2
2244, 5, 3, 0
2245, 1, 2, 2
2246, 5, 1, 0
2247, 1, 2, 3
2248, 5, 4, 4
2249, 1, 0, 4
2250, 1, 1, 0
2251, 2, 0, 4
2252, 5, 1, 1
2253, 1, 0, 0
2254, 3, 2, 3
2255, 4, 0, 4
2256, 4, 2, 3
2257, 3, 4, 0
2258, 5, 3, 2
2259, 4, 2, 4
2260, 3, 2, 0
2261, 1, 2, 2
2262, 2, 4, 0
2263, 3, 3, 1
2264, 1, 1, 1
2265, 5, 2, 3
2266, 5, 1, 1
2267, 4, 3, 0
2268, 4, 1, 3
2269, 3, 0, 3
2270, 3, 1, 0
2271, 2, 4, 4
2272, 5, 1, 4
2273, 5, 2, 0
2274, 2, 1, 2
2275, 1, 2, 4
2276, 3, 0, 1
2277, 4, 1, 3
2278, 3, 3, 2
2279, 1, 3, 3
2280, 1, 4, 4
2281, 2, 1, 2
2282, 1, 4, 4
2283, 1, 3, 0
2284, 5, 4, 4
2285, 3, 4, 1
2286, 4, 2, 0
2287, 1, 1, 2
2288, 4, 3, 3
2289, 3, 1, 4
2290, 2, 2, 2
2291, 2, 4, 3
2292, 3, 4, 3
2293, 5, 0, 1
2294, 5, 0, 4
2295, 4, 2, 0
2296, 5, 2, 0
2297, 4, 1, 1
2298, 4, 0, 3
2299, 1, 4, 4
2300, 2, 0, 2
2301, 3, 0, 2
2302, 5, 3, 0
2303, 4, 4, 3
2304, 3, 1, 1
2305, 2, 3, 0
2306, 1, 3, 0
2307, 4, 0, 2
2308, 2, 0, 2
2309, 5, 1, 4
2310, 2, 1, 1
2311, 1, 4, 1
2312, 1, 0, 3
2313, 4, 1, 0
2314, 5, 0, 0
2315, 4, 2, 4
2316, 3, 1, 0
2317, 3, 3, 4
2318, 1, 4, 3
2319, 4, 3, 4
2320, 4, 1, 3
2321, 4, 2, 3
2322, 2, 4, 0
2323, 3, 2, 0
2324, 5, 0, 0
2325, 1, 1, 0
2326, 4, 2, 2
2327, 5, 4, 2
2328, 5, 2, 2
2329, 4, 0, 4
2330, 3, 1, 4
2331, 3, 2, 3
2332, 1, 2, 3
2333, 1, 0, 0
2334, 3, 1, 4
2335, 2, 3, 1
2336, 5, 0, 4
2337, 4, 0, 4
2338, 3, 0, 0
2339, 4, 0, 2
2340, 2, 0, 2
2341, 2, 1, 3
2342, 1, 1, 4
2343, 5, 1, 3
2344, 4, 2, 0
2345, 5, 3, 2
2346, 5, 4, 3
2347, 5, 0, 1
2348, 5, 4, 4
2349, 5, 1, 4
2350, 2, 4, 4
2351, 1, 4, 3
2352, 3, 2, 1
2353, 2, 4, 4
2354, 1, 0, 0
2355, 1, 4, 4
2356, 4, 3, 2
2357, 5, 4, 1
2358, 4, 0, 3
2359, 1, 2, 3
2360, 3, 2, 4
2361, 1, 4, 0
2362, 5, 4, 3
2363, 2, 0, 0
2364, 3, 4, 4
2365, 4, 0, 1
2366, 5, 0, 3
2367, 2, 2, 1
2368, 5, 4, 2
2369, 3, 2, 4
2370, 3, 3, 2
2371, 3, 3, 1
2372, 1, 3, 0
2373, 5, 3, 3
2374, 5, 3, 0
2375, 1, 0, 4
2376, 4, 4, 4
2377, 2, 1, 1
2378, 5, 4, 0
2379, 5, 3, 1
2380, 5, 4, 3
2381, 3, 3, 0
2382, 2, 2, 3
2383, 4, 4, 4
2384, 5, 0, 1
2385, 2, 0, 0
2386, 2, 0, 4
2387, 1, 0, 1
2388, 2, 3, 0
2389, 5, 2, 0
2390, 2, 4, 2
2391, 5, 0, 4
2392, 3, 0, 1
2393, 2, 2, 2
2394, 3, 0, 1
2395, 3, 1, 2
2396, 1, 0, 3
2397, 2, 4, 2
2398, 5, 2, 1
2399, 4, 4, 4
2400, 4, 4, 0
2401, 1, 0, 2
2402, 4, 1, 4
2403, 1, 0, 1
2404, 3, 2, 2
2405, 2, 2, 3
2406, 2, 2, 0
2407, 4, 3, 0
2408, 5, 0, 0
2409, 4, 3, 2
2410, 1, 2, 4
2411, 5, 2, 4
2412, 1, 2, 0
2413, 2, 2, 3
2414, 4, 0, 3
2415, 3, 4, 0
2416, 2, 2, 4
2417, 2, 1, 1
2418, 4, 4, 1
2419, 5, 4, 0
2420, 1, 3, 2
2421, 3, 4, 2
2422, 2, 0, 1
2423, 5, 4, 2
2424, 5, 2, 3
2425, 5, 0, 0
2426, 5, 3, 1
2427, 3, 3, 4
2428, 3, 3, 0
2429, 2, 4, 1
2430, 5, 1, 2
2431, 3, 2, 0
2432, 5, 4, 2
2433, 5, 2, 3
2434, 4, 0, 4
2435, 2, 2, 0
2436, 3, 0, 1
2437, 1, 4, 4
2438, 1, 3, 3
2439, 1, 4, 2
2440, 5, 4, 1
2441, 4, 2, 2
2442, 4, 3, 1
2443, 4, 0, 4
2444, 2, 4, 0
2445, 2, 2, 1
2446, 1, 4, 4
2447, 5, 3, 3
2448, 5, 1, 0
2449, 1, 1, 4
2450, 2, 3, 3
2451, 3, 3, 0
2452, 1, 1, 4
2453, 4, 2, 0
2454, 1, 3, 4
2455, 5, 4, 1
2456, 1, 0, 0
2457, 4, 2, 2
2458, 4, 0, 3
2459, 3, 1, 4
2460, 3, 3, 0
2461, 1, 0, 3
2462, 1, 1, 2
2463, 1, 1, 0
2464, 5, 4, 3
2465, 5, 0, 3
2466, 3, 0, 3
2467, 5, 3, 2
2468, 2, 1, 3
2469, 5, 0, 0
2470, 1, 2, 2
2471, 4, 1, 0
2472, 5, 0, 4
2473, 3, 2, 4
2474, 2, 2, 3
2475, 4, 1, 3
2476, 1, 3, 3
2477, 2, 3, 4
2478, 3, 2, 4
2479, 3, 4, 3
2480, 2, 3, 0
2481, 2, 4, 3
2482, 4, 1, 4
2483, 5, 4, 2
2484, 4, 0, 4
2485, 1, 3, 4
2486, 5, 3, 1
2487, 4, 0, 2
2488, 3, 0, 3
2489, 3, 1, 0
2490, 3, 2, 4
2491, 5, 1, 0
2492, 3, 0, 4
2493, 4, 4, 2
2494, 3, 4, 3
2495, 4, 2, 2
2496, 1, 0, 4
2497, 1, 4, 4
2498, 3, 0, 3
2499, 1, 1, 1
2500, 1, 4, 1
2501, 5, 0, 4
2502, 4, 3, 0
2503, 3, 4, 1
2504, 5, 1, 1
2505, 4, 4, 2
2506, 5, 0, 1
2507, 5, 1, 3
2508, 4, 3, 2
2509, 4, 2, 2
2510, 1, 0, 4
2511, 5, 1, 4
2512, 5, 4, 0
2513, 1, 2, 3
2514, 3, 4, 3
2515, 3, 2, 2
2516, 3, 4, 2
2517, 5, 3, 2
2518, 1, 1, 2
2519, 3, 2, 1
2520, 5, 0, 2
2521, 1, 2, 3
2522, 2, 2, 3
2523, 3, 2, 1
2524, 4, 3, 2
2525, 3, 0, 2
2526, 3, 0, 1
2527, 2, 0, 2
2528, 2, 3, 0
2529, 3, 2, 0
2530, 3, 0, 4
2531, 3, 4, 3
2532, 2, 0, 0
2533, 1, 2, 2
2534, 1, 3, 1
2535, 4, 3, 1
2536, 2, 0, 4
2537, 4, 0, 1
2538, 1, 3, 3
2539, 3, 3, 0
2540, 4, 1, 0
2541, 5, 0, 4
2542, 3, 2, 4
2543, 5, 4, 3
2544, 2, 3, 0
2545, 5, 1, 3
2546, 5, 3, 0
2547, 4, 1, 4
2548, 5, 2, 4
2549, 2, 4, 2
2550, 3, 2, 3
2551, 3, 1, 0
2552, 3, 0, 4
2553, 3, 3, 3
2554, 4, 0, 2
2555, 2, 1, 4
2556, 3, 1, 4
2557, 4, 0, 2
2558, 5, 0, 2
2559, 1, 4, 3
2560, 3, 3, 1
2561, 3, 2, 4
2562, 2, 2, 4
2563, 3, 4, 4
2564, 1, 4, 2
2565, 3, 0, 1
2566, 5, 2, 4
2567, 3, 0, 3
2568, 5, 1, 3
2569, 5, 4, 1
2570, 5, 4, 1
2571, 5, 2, 0
2572, 5, 4, 4
2573, 1, 2, 1
2574, 2, 0, 3
2575, 1, 3, 0
2576, 5, 0, 3
2577, 5, 4, 2
2578, 3, 0, 3
2579, 2, 3, 2
2580, 5, 2, 3
2581, 4, 4, 0
2582, 1, 4, 2
2583, 4, 0, 2
2584, 3, 2, 3
2585, 5, 0, 1
2586, 4, 0, 4
2587, 3, 2, 1
2588, 5, 3, 0
2589, 2, 1, 0
2590, 4, 0, 1
2591, 5, 1, 1
2592, 3, 4, 2
2593, 2, 1, 4
2594, 1, 0, 0
2595, 3, 2, 0
2596, 4, 3, 3
2597, 4, 2, 3
2598, 4, 3, 1
2599, 1, 2, 2
2600, 1, 4, 3
2601, 4, 0, 2
2602, 1, 1, 3
2603, 1, 1, 1
2604, 5, 2, 3
2605, 3, 1, 1
2606, 3, 4, 1
2607, 2, 1, 3
2608, 5, 3, 4
2609, 3, 3, 4
2610, 5, 4, 2
2611, 1, 1, 3
2612, 4, 3, 0
2613, 4, 3, 3
2614, 5, 3, 4
2615, 4, 4, 2
2616, 1, 4, 1
2617, 3, 3, 2
2618, 3, 2, 0
2619, 4, 3, 0
2620, 3, 0, 0
2621, 5, 3, 4
2622, 1, 1, 2
2623, 2, 4, 0
2624, 4, 4, 3
2625, 2, 4, 2
2626, 4, 4, 2
2627, 1, 2, 1
2628, 5, 1, 3
2629, 4, 4, 3
2630, 3, 2, 4
2631, 3, 3, 4
2632, 5, 1, 3
2633, 5, 3, 2
2634, 2, 0, 2
2635, 2, 4, 2
2636, 4, 3, 2
2637, 5, 2, 3
2638, 3, 1, 2
2639, 4, 3, 4
2640, 2, 1, 3
2641, 1, 1, 4
2642, 3, 1, 3
2643, 3, 1, 0
2644, 4, 2, 4
2645, 2, 1, 0
2646, 2, 3, 4
2647, 4, 3, 2
2648, 2, 4, 0
2649, 3, 0, 1
2650, 1, 2, 1
2651, 1, 3, 2
2652, 5, 2, 4
2653, 4, 1, 2
2654, 3, 4, 1
2655, 3, 3, 4
2656, 2, 2, 4
2657, 5, 1, 1
2658, 2, 4, 1
2659, 4, 0, 1
2660, 4, 3, 4
2661, 1, 3, 1
2662, 3, 3, 2
2663, 5, 2, 1
2664, 2, 1, 3
2665, 4, 3, 4
2666, 2, 1, 4
2667, 3, 2, 3
2668, 4, 4, 0
2669, 5, 2, 2
2670, 3, 4, 1
2671, 1, 1, 2
2672, 4, 2, 0
2673, 3, 4, 1
2674, 1, 4, 4
2675, 1, 2, 3
2676, 1, 0, 1
2677, 5, 2, 3
2678, 4, 1, 1
2679, 5, 1, 0
2680, 2, 0, 2
2681, 4, 0, 3
2682, 2, 0, 4
2683, 4, 3, 0
2684, 4, 1, 3
2685, 1, 4, 3
2686, 3, 1, 3
2687, 5, 0, 2
2688, 2, 3, 3
2689, 1, 0, 3
2690, 2, 3, 0
2691, 5, 1, 0
2692, 5, 0, 2
2693, 4, 2, 0
2694, 4, 1, 3
2695, 3, 3, 0
2696, 2, 2, 3
2697, 2, 0, 4
2698, 1, 1, 4
2699, 5, 3, 0
2700, 3, 2, 4
2701, 2, 3, 0
2702, 1, 4, 0
2703, 4, 0, 1
2704, 5, 0, 3
2705, 1, 2, 0
2706, 4, 4, 3
2707, 4, 4, 3
2708, 3, 4, 3
2709, 2, 3, 4
2710, 3, 2, 4
2711, 2, 2, 4
2712, 3, 2, 4
2713, 2, 2, 1
2714, 4, 3, 3
2715, 1, 2, 0
2716, 4, 0, 0
2717, 1, 4, 0
2718, 1, 0, 0
2719, 4, 2, 1
2720, 2, 0, 4
2721, 2, 3, 3
2722, 1, 3, 4
2723, 1, 3, 4
2724, 5, 0, 1
2725, 4, 4, 2
2726, 5, 0, 3
2727, 2, 1, 2
2728, 5, 4, 3
2729, 4, 2, 1
2730, 5, 1, 0
2731, 1, 4, 4
2732, 5, 1, 4
2733, 3, 2, 1
2734, 3, 1, 1
2735, 1, 1, 2
2736, 3, 3, 4
2737, 3, 2, 1
2738, 1, 2, 2
2739, 5, 1, 3
2740, 1, 4, 2
2741, 3, 3, 1
2742, 1, 2, 4
2743, 3, 2, 3
2744, 1, 2, 2
2745, 5, 2, 1
2746, 4, 4, 2
2747, 4, 3, 2
2748, 4, 0, 4
2749, 1, 4, 4
2750, 3, 1, 4
2751, 4, 2, 3
2752, 3, 3, 0
2753, 2, 2, 4
2754, 3, 1, 1
2755, 5, 4, 3
2756, 5, 1, 4
2757, 2, 3, 1
2758, 4, 1, 1
2759, 2, 1, 1
2760, 1, 4, 3
2761, 4, 3, 4
2762, 5, 0, 4
2763, 1, 3, 0
2764, 5, 4, 4
2765, 4, 4, 4
2766, 2, 0, 1
2767, 1, 3, 1
2768, 5, 4, 1
2769, 1, 3, 0
2770, 3, 1, 1
2771, 2, 4, 1
2772, 3, 2, 4
2773, 3, 3, 3
2774, 3, 0, 2
2775, 2, 0, 1
2776, 5, 1, 2
2777, 1, 4, 3
2778, 5, 1, 0
2779, 1, 2, 4
2780, 3, 0, 2
2781, 3, 3, 0
2782, 1, 3, 3
2783, 2, 4, 2
2784, 2, 0, 3
2785, 3, 0, 3
2786, 4, 3, 1
2787, 4, 4, 1
2788, 1, 4, 0
2789, 4, 2, 1
2790, 2, 3, 0
2791, 2, 2, 4
2792, 4, 1, 1
2793, 4, 1, 0
2794, 4, 3, 4
2795, 3, 1, 2
2796, 1, 2, 0
2797, 1, 4, 3
2798, 4, 0, 2
2799, 2, 2, 0
2800, 3, 3, 2
2801, 1, 3, 3
2802, 2, 4, 1
2803, 5, 2, 3
2804, 3, 4, 0
2805, 3, 2, 3
2806, 1, 3, 2
2807, 3, 1, 1
2808, 4, 2, 0
2809, 1, 4, 2
2810, 2, 2, 4
2811, 3, 3, 2
2812, 2, 4, 3
2813, 2, 3, 0
2814, 1, 0, 0
2815, 3, 2, 4
2816, 1, 3, 3
2817, 3, 1, 0
2818, 4, 4, 4
2819, 4, 4, 4
2820, 3, 1, 2
2821, 5, 1, 0
2822, 1, 1, 0
2823, 2, 0, 4
2824, 2, 4, 4
2825, 2, 1, 2
2826, 5, 3, 3
2827, 2, 0, 3
2828, 1, 0, 3
2829, 3, 3, 1
2830, 3, 3, 2
2831, 5, 1, 4
2832, 4, 3, 0
2833, 2, 2, 4
2834, 2, 3, 2
2835, 4, 4, 2
2836, 1, 4, 1
2837, 1, 2, 3
2838, 4, 4, 0
2839, 1, 0, 3
2840, 4, 2, 1
2841, 5, 2, 4
2842, 3, 3, 2
2843, 3, 3, 4
2844, 5, 4, 3
2845, 5, 1, 2
2846, 4, 4, 3
2847, 1, 1, 2
2848, 4, 3, 4
2849, 1, 4, 3
2850, 5, 2, 2
2851, 3, 3, 3
2852, 4, 2, 1
2853, 4, 2, 3
2854, 3, 4, 2
2855, 2, 1, 3
2856, 1, 1, 3
2857, 1, 4, 2
2858, 4, 0, 3
2859, 4, 4, 1
2860, 4, 4, 1
2861, 2, 4, 2
2862, 3, 3, 3
2863, 1, 3, 2
2864, 2, 2, 3
2865, 4, 0, 2
2866, 4, 0, 2
2867, 1, 0, 2
2868, 5, 2, 3
2869, 2, 3, 4
2870, 2, 2, 2
2871, 2, 0, 1
2872, 4, 3, 0
2873, 5, 0, 3
2874, 4, 1, 3
2875, 5, 1, 4
2876, 2, 4, 3
2877, 5, 2, 1
2878, 4, 3, 3
2879, 4, 0, 3
2880, 5, 3, 4
2881, 5, 3, 0
2882, 2, 4, 3
2883, 3, 0, 0
2884, 4, 3, 2
2885, 3, 2, 2
2886, 3, 3, 3
2887, 2, 3, 4
2888, 2, 1, 4
2889, 2, 1, 4
2890, 5, 4, 4
2891, 2, 4, 2
2892, 3, 3, 4
2893, 1, 0, 0
2894, 2, 0, 1
2895, 4, 3, 1
2896, 1, 4, 0
2897, 5, 4, 4
2898, 3, 4, 3
2899, 5, 1, 1
2900, 2, 4, 4
2901, 1, 2, 0
2902, 4, 0, 2
2903, 5, 0, 4
2904, 2, 0, 4
2905, 5, 3, 1
2906, 3, 3, 3
2907, 1, 3, 4
2908, 2, 1, 4
2909, 2, 1, 4
2910, 4, 0, 3
2911, 1, 3, 1
2912, 4, 3, 4
2913, 5, 4, 3
2914, 3, 3, 4
2915, 2, 0, 3
2916, 4, 4, 3
2917, 1, 3, 4
2918, 1, 1, 4
2919, 2, 0, 1
2920, 5, 2, 3
2921, 2, 0, 0
2922, 1, 4, 3
2923, 4, 0, 1
2924, 5, 1, 0
2925, 4, 3, 1
2926, 3, 0, 1
2927, 3, 0, 3
2928, 4, 4, 1
2929, 2, 4, 4
2930, 5, 0, 1
2931, 5, 2, 3
2932, 1, 3, 2
2933, 5, 1, 2
2934, 5, 1, 1
2935, 1, 3, 0
2936, 2, 1, 1
2937, 3, 2, 2
2938, 5, 1, 2
2939, 2, 0, 1
2940, 1, 0, 4
2941, 1, 2, 0
2942, 5, 1, 3
2943, 1, 3, 4
2944, 5, 3, 2
2945, 3, 0, 4
2946, 5, 3, 0
2947, 4, 3, 1
2948, 3, 2, 4
2949, 1, 0, 3
2950, 5, 4, 2
2951, 4, 2, 3
2952, 3, 3, 2
2953, 1, 4, 3
2954, 3, 2, 3
2955, 3, 0, 4
2956, 4, 0, 1
2957, 5, 1, 4
2958, 5, 4, 4
2959, 4, 4, 1
2960, 2, 1, 4
2961, 1, 0, 1
2962, 4, 3, 1
2963, 5, 0, 0
2964, 5, 3, 4
2965, 4, 0, 4
2966, 4, 0, 3
2967, 4, 1, 4
2968, 2, 2, 4
2969, 3, 0, 0
2970, 1, 3, 4
2971, 5, 3, 1
2972, 1, 3, 4
2973, 1, 0, 3
2974, 2, 1, 3
2975, 5, 0, 2
2976, 5, 4, 2
2977, 4, 2, 0
2978, 4, 1, 1
2979, 3, 4, 2
2980, 2, 4, 1
2981, 3, 3, 1
2982, 1, 1, 3
2983, 4, 3, 3
2984, 2, 3, 3
2985, 5, 0, 2
2986, 2, 4, 0
2987, 3, 0, 4
2988, 5, 1, 3
2989, 3, 3, 1
2990, 3, 1, 3
2991, 3, 0, 0
2992, 4, 0, 1
2993, 4, 1, 4
2994, 3, 4, 1
2995, 1, 4, 3
2996, 1, 4, 4
2997, 4, 2, 3
2998, 5, 1, 2
2999, 2, 0, 0
3000, 3, 0, 2
3001, 5, 2, 1
3002, 5, 2, 3
3003, 5, 3, 3
3004, 3, 4, 1
3005, 4, 2, 3
3006, 2, 3, 2
3007, 1, 1, 1
3008, 2, 0, 2
3009, 5, 1, 4
3010, 1, 1, 1
3011, 2, 0, 0
3012, 2, 4, 2
3013, 3, 0, 1
3014, 1, 3, 3
3015, 1, 3, 2
3016, 5, 3, 0
3017, 2, 4, 4
3018, 4, 4, 3
3019, 5, 4, 1
3020, 5, 0, 1
3021, 4, 0, 1
3022, 3, 2, 3
3023, 1, 4, 1
3024, 4, 4, 0
3025, 4, 3, 3
3026, 5, 1, 3
3027, 1, 1, 3
3028, 1, 3, 1
3029, 4, 2, 0
3030, 2, 1, 3
3031, 4, 1, 1
3032, 1, 0, 2
3033, 4, 3, 0
3034, 4, 4, 1
3035, 5, 3, 1
3036, 5, 4, 3
3037, 1, 1, 1
3038, 3, 0, 3
3039, 1, 4, 3
3040, 5, 4, 3
3041, 4, 4, 4
3042, 5, 2, 4
3043, 3, 1, 0
3044, 4, 0, 4
3045, 5, 1, 2
3046, 1, 4, 3
3047, 2, 3, 2
3048, 4, 4, 1
3049, 4, 1, 2
3050, 4, 1, 0
3051, 1, 1, 0
3052, 3, 1, 4
3053, 3, 4, 4
3054, 1, 4, 2
3055, 3, 4, 4
3056, 2, 4, 0
3057, 3, 1, 0
3058, 3, 4, 0
3059, 3, 0, 1
3060, 2, 0, 1
3061, 3, 0, 4
3062, 1, 0, 3
3063, 3, 0, 2
3064, 2, 1, 3
3065, 5, 3, 0
3066, 1, 2, 0
3067, 2, 4, 2
3068, 4, 2, 1
3069, 2, 2, 1
3070, 3, 1, 3
3071, 5, 3, 3
3072, 2, 0, 2
3073, 5, 2, 3
3074, 3, 3, 1
3075, 4, 0, 1
3076, 4, 0, 2
3077, 4, 4, 0
3078, 2, 2, 0
3079, 5, 4, 2
3080, 5, 4, 3
3081, 2, 4, 1
3082, 1, 2, 0
3083, 2, 0, 1
3084, 1, 1, 3
3085, 4, 2, 1
3086, 4, 0, 2
3087, 3, 0, 3
3088, 4, 4, 4
3089, 3, 3, 0
3090, 1, 1, 0
3091, 3, 1, 2
3092, 4, 3, 0
3093, 2, 2, 3
3094, 5, 0, 0
3095, 3, 4, 1
3096, 3, 2, 4
3097, 4, 4, 4
3098, 5, 0, 3
3099, 5, 0, 4
3100, 2, 1, 0
3101, 4, 2, 0
3102, 4, 0, 4
3103, 5, 3, 4
3104, 2, 3, 1
3105, 1, 3, 1
3106, 4, 0, 2
3107, 2, 1, 3
3108, 4, 3, 1
3109, 4, 4, 3
3110, 5, 4, 1
3111, 3, 4, 3
3112, 5, 4, 3
3113, 2, 3, 3
3114, 1, 3, 4
3115, 3, 4, 0
3116, 5, 3, 0
3117, 1, 1, 4
3118, 5, 4, 3
3119, 5, 2, 3
3120, 4, 1, 2
3121, 4, 3, 2
3122, 5, 4, 1
3123, 1, 4, 2
3124, 2, 4, 3
3125, 5, 3, 2
3126, 4, 0, 0
3127, 1, 1, 0
3128, 2, 0, 4
3129, 2, 4, 2
3130, 5, 3, 4
3131, 2, 3, 4
3132, 2, 2, 0
3133, 2, 2, 4
3134, 5, 1, 3
3135, 4, 0, 3
3136, 2, 4, 1
3137, 4, 1, 4
3138, 1, 3, 4
3139, 3, 3, 4
3140, 1, 3, 0
3141, 5, 1, 1
3142, 1, 2, 4
3143, 3, 0, 3
3144, 4, 0, 4
3145, 5, 3, 1
3146, 3, 0, 2
3147, 5, 4, 2
3148, 5, 0, 0
3149, 3, 3, 2
3150, 2, 0, 2
3151, 1, 3, 1
3152, 5, 4, 2
3153, 2, 3, 1
3154, 2, 2, 0
3155, 2, 3, 1
3156, 1, 2, 4
3157, 5, 0, 4
3158, 5, 2, 2
3159, 3, 0, 0
3160, 4, 3, 3
3161, 5, 4, 2
3162, 2, 0, 1
3163, 1, 0, 0
3164, 2, 2, 1
3165, 3, 2, 1
3166, 4, 2, 3
3167, 5, 0, 4
3168, 3, 3, 4
3169, 3, 4, 2
3170, 5, 0, 4
3171, 2, 4, 2
3172, 3, 4, 0
3173, 4, 1, 1
3174, 5, 2, 4
3175, 5, 0, 4
3176, 2, 4, 0
3177, 3, 1, 4
3178, 1, 1, 1
3179, 1, 1, 1
3180, 3, 3, 3
3181, 4, 1, 3
3182, 1, 3, 0
3183, 1, 1, 2
3184, 2, 2, 0
3185, 5, 0, 4
3186, 3, 2, 4
3187, 2, 4, 2
3188, 3, 1, 4
3189, 1, 4, 4
3190, 1, 4, 4
3191, 2, 2, 1
3192, 3, 2, 2
3193, 2, 0, 3
3194, 3, 1, 3
3195, 4, 3, 0
3196, 1, 4, 2
3197, 4, 0, 0
3198, 3, 4, 0
3199, 1, 4, 1
3200, 5, 2, 1
3201, 4, 1, 0
3202, 5, 3, 0
3203, 4, 4, 2
3204, 3, 1, 1
3205, 4, 1, 3
3206, 2, 0, 4
3207, 4, 1, 3
3208, 3, 2, 4
3209, 5, 3, 3
3210, 2, 4, 1
3211, 4, 4, 3
3212, 4, 0, 2
3213, 5, 0, 3
3214, 5, 3, 3
3215, 3, 0, 0
3216, 1, 0, 3
3217, 1, 2, 3
3218, 1, 0, 4
3219, 5, 1, 0
3220, 5, 4, 2
3221, 5, 3, 2
3222, 2, 0, 4
3223, 4, 0, 4
3224, 1, 3, 1
3225, 2, 1, 2
3226, 2, 0, 1
3227, 2, 4, 4
3228, 4, 1, 2
3229, 3, 2, 1
3230, 3, 1, 0
3231, 2, 0, 0
3232, 1, 1, 1
3233, 1, 3, 2
3234, 1, 2, 4
3235, 2, 4, 4
3236, 2, 4, 1
3237, 4, 0, 4
3238, 4, 2, 4
3239, 5, 1, 3
3240, 2, 2, 0
3241, 3, 4, 4
3242, 2, 1, 0
3243, 4, 3, 1
3244, 4, 0, 1
3245, 4, 0, 2
3246, 1, 3, 3
3247, 1, 3, 3
3248, 2, 4, 3
3249, 5, 0, 0
3250, 2, 1, 1
3251, 1, 4, 1
3252, 5, 1, 4
3253, 1, 0, 0
3254, 4, 0, 0
3255, 3, 3, 3
3256, 2, 1, 4
3257, 3, 0, 0
3258, 1, 0, 4
3259, 4, 3, 2
3260, 1, 3, 4
3261, 1, 2, 1
3262, 4, 3, 3
3263, 2, 2, 0
3264, 1, 2, 1
3265, 4, 4, 4
3266, 1, 3, 3
3267, 5, 3, 1
3268, 1, 4, 4
3269, 3, 2, 3
3270, 3, 0, 1
3271, 2, 1, 3
3272, 4, 1, 2
3273, 3, 2, 0
3274, 2, 0, 1
3275, 5, 1, 2
3276, 1, 0, 1
3277, 5, 1, 2
3278, 3, 1, 2
3279, 4, 3, 1
3280, 1, 1, 3
3281, 5, 3, 3
3282, 5, 2, 0
3283, 1, 2, 2
3284, 4, 2, 2
3285, 1, 3, 2
3286, 5, 1, 1
3287, 1, 1, 0
3288, 4, 2, 2
3289, 1, 3, 1
3290, 3, 1, 0
3291, 4, 2, 1
3292, 1, 3, 3
3293, 2, 2, 3
3294, 5, 1, 0
3295, 5, 1, 2
3296, 5, 2, 2
3297, 5, 0, 2
3298, 1, 3, 3
3299, 1, 1, 3
3300, 1, 3, 0
3301, 2, 4, 1
3302, 3, 1, 3
3303, 1, 4, 2
3304, 3, 3, 0
3305, 5, 3, 4
3306, 1, 1, 2
3307, 5, 0, 4
3308, 1, 0, 2
3309, 4, 0, 4
3310, 3, 2, 1
3311, 5, 3, 0
3312, 1, 2, 3
3313, 3, 3, 3
3314, 3, 4, 3
3315, 4, 2, 1
3316, 3, 2, 3
3317, 5, 4, 1
3318, 2, 2, 3
3319, 1, 1, 4
3320, 3, 1, 0
3321, 3, 3, 3
3322, 3, 4, 4
3323, 5, 0, 4
3324, 3, 3, 2
3325, 4, 2, 1
3326, 4, 3, 0
3327, 2, 4, 3
3328, 4, 0, 3
3329, 5, 0, 1
3330, 3, 4, 4
3331, 5, 4, 0
3332, 1, 2, 1
3333, 3, 1, 3
3334, 2, 4, 4
3335, 3, 4, 0
3336, 3, 1, 3
3337, 1, 1, 4
3338, 5, 3, 0
3339, 5, 4, 4
3340, 1, 4, 0
3341, 4, 4, 2
3342, 3, 0, 2
3343, 2, 3, 2
3344, 1, 2, 0
3345, 5, 2, 0
3346, 1, 4, 1
3347, 4, 0, 3
3348, 4, 3, 3
3349, 4, 1, 0
3350, 5, 0, 2
3351, 1, 1, 0
3352, 1, 4, 4
3353, 3, 4, 2
3354, 2, 4, 1
3355, 1, 2, 3
3356, 5, 1, 1
3357, 3, 4, 2
3358, 1, 3, 4
3359, 1, 2, 0
3360, 3, 2, 1
3361, 4, 2, 2
3362, 5, 3, 0
3363, 3, 1, 2
3364, 4, 0, 2
3365, 4, 3, 0
3366, 2, 1, 3
3367, 3, 3, 0
3368, 1, 4, 2
3369, 3, 3, 3
3370, 1, 1, 0
3371, 2, 0, 2
3372, 3, 2, 1
3373, 1, 4, 0
3374, 5, 2, 2
3375, 1, 1, 1
3376, 1, 1, 4
3377, 3, 3, 2
3378, 4, 3, 0
3379, 2, 2, 4
3380, 5, 2, 4
3381, 4, 2, 2
3382, 3, 1, 3
3383, 5, 2, 1
3384, 3, 1, 1
3385, 1, 2, 1
3386, 2, 3, 4
3387, 3, 2, 2
3388, 4, 1, 0
3389, 5, 2, 2
3390, 3, 2, 1
3391, 3, 2, 2
3392, 3, 2, 1
3393, 2, 3, 3
3394, 2, 0, 0
3395, 1, 1, 2
3396, 3, 4, 3
3397, 2, 0, 2
3398, 1, 2, 0
3399, 4, 0, 4
3400, 3, 4, 2
3401, 2, 3, 1
3402, 1, 0, 3
3403, 3, 1, 3
3404, 1, 3, 1
3405, 4, 4, 2
3406, 2, 4, 0
3407, 4, 0, 4
3408, 1, 3, 4
3409, 2, 3, 4
3410, 5, 4, 2
3411, 5, 0, 0
3412, 5, 2, 2
3413, 4, 1, 3
3414, 5, 4, 0
3415, 1, 4, 4
3416, 3, 0, 2
3417, 2, 3, 3
3418, 5, 3, 1
3419, 4, 3, 2
3420, 1, 1, 1
3421, 5, 2, 0
3422, 2, 2, 4
3423, 4, 3, 0
3424, 2, 1, 2
3425, 3, 4, 4
3426, 1, 4, 0
3427, 5, 3, 3
3428, 1, 1, 2
3429, 4, 3, 3
3430, 2, 0, 1
3431, 4, 3, 3
3432, 3, 0, 1
3433, 4, 1, 3
3434, 5, 4, 1
3435, 3, 2, 3
3436, 3, 0, 2
3437, 2, 3, 3
3438, 2, 0, 0
3439, 1, 4, 1
3440, 3, 4, 0
3441, 1, 1, 4
3442, 5, 4, 4
3443, 4, 3, 2
3444, 3, 3, 2
3445, 3, 0, 0
3446, 2, 1, 2
3447, 2, 2, 3
3448, 4, 3, 2
3449, 2, 2, 2
3450, 2, 3, 2
3451, 2, 1, 1
3452, 2, 4, 1
3453, 5, 1, 4
3454, 4, 3, 4
3455, 1, 0, 0
3456, 5, 4, 2
3457, 2, 1, 4
3458, 5, 2, 0
3459, 2, 3, 0
3460, 2, 0, 3
3461, 5, 0, 3
3462, 5, 4, 0
3463, 4, 0, 0
3464, 4, 1, 4
3465, 1, 1, 2
3466, 2, 4, 0
3467, 1, 4, 4
3468, 2, 3, 0
3469, 5, 2, 4
3470, 1, 3, 0
3471, 4, 2, 4
3472, 3, 3, 2
3473, 5, 1, 0
3474, 5, 3, 3
3475, 2, 4, 2
3476, 4, 4, 3
3477, 1, 2, 2
3478, 4, 2, 4
3479, 3, 0, 1
3480, 2, 4, 4
3481, 5, 2, 2
3482, 4, 2, 3
3483, 1, 0, 4
3484, 3, 0, 3
3485, 4, 4, 2
3486, 5, 2, 4
3487, 2, 0, 0
3488, 4, 2, 3
3489, 4, 1, 0
3490, 3, 3, 4
3491, 4, 0, 0
3492, 1, 1, 1
3493, 3, 4, 4
3494, 2, 1, 1
3495, 2, 2, 3
3496, 1, 2, 3
3497, 4, 0, 1
3498, 3, 0, 4
3499, 3, 4, 0
3500, 5, 0, 2
3501, 4, 1, 1
3502, 5, 0, 3
3503, 2, 0, 4
3504, 4, 1, 0
3505, 4, 4, 1
3506, 2, 4, 0
3507, 3, 3, 4
3508, 5, 3, 0
3509, 1, 3, 3
3510, 4, 1, 2
3511, 2, 1, 4
3512, 4, 1, 4
3513, 3, 0, 4
3514, 3, 1, 0
3515, 2, 2, 4
3516, 2, 0, 3
3517, 1, 1, 4
3518, 4, 0, 0
3519, 5, 4, 1
3520, 2, 0, 3
3521, 4, 3, 3
3522, 4, 1, 3
3523, 4, 3, 3
3524, 2, 3, 0
3525, 2, 3, 0
3526, 2, 2, 2
3527, 2, 2, 2
3528, 1, 1, 4
3529, 3, 2, 0
3530, 5, 1, 0
3531, 3, 3, 3
3532, 2, 0, 2
3533, 2, 3, 0
3534, 1, 1, 3
3535, 3, 3, 2
3536, 5, 4, 3
3537, 3, 3, 4
3538, 3, 3, 0
3539, 2, 4, 1
3540, 5, 2, 2
3541, 1, 4, 1
3542, 2, 4, 1
3543, 1, 3, 0
3544, 3, 2, 3
3545, 2, 0, 2
3546, 3, 4, 4
3547, 4, 0, 3
3548, 1, 4, 0
3549, 2, 3, 0
3550, 3, 3, 1
3551, 5, 1, 1
3552, 3, 3, 4
3553, 3, 3, 2
3554, 2, 4, 0
3555, 2, 0, 4
3556, 3, 4, 1
3557, 3, 0, 4
3558, 2, 3, 1
3559, 1, 3, 1
3560, 5, 3, 1
3561, 5, 3, 1
3562, 4, 1, 2
3563, 5, 2, 2
3564, 3, 1, 4
3565, 2, 3, 2
3566, 1, 3, 4
3567, 2, 1, 1
3568, 4, 1, 4
3569, 5, 1, 3
3570, 1, 0, 0
3571, 4, 3, 2
3572, 1, 2, 2
3573, 1, 3, 1
3574, 3, 2, 1
3575, 3, 3, 2
3576, 1, 1, 1
3577, 3, 4, 0
3578, 4, 2, 3
3579, 4, 0, 4
3580, 3, 2, 1
3581, 4, 3, 3
3582, 3, 4, 1
3583, 4, 4, 4
3584, 5, 2, 1
3585, 3, 2, 3
3586, 5, 0, 0
3587, 3, 0, 1
3588, 5, 4, 2
3589, 5, 1, 3
3590, 5, 0, 0
3591, 4, 3, 1
3592, 4, 0, 4
3593, 5, 4, 4
3594, 2, 4, 3
3595, 1, 1, 3
3596, 4, 4, 3
3597, 1, 0, 2
3598, 2, 1, 1
3599, 1, 3, 1
3600, 3, 3, 1
3601, 1, 3, 3
3602, 5, 1, 4
3603, 1, 0, 1
3604, 5, 2, 2
3605, 2, 3, 3
3606, 1, 0, 4
3607, 5, 0, 2
3608, 4, 1, 3
3609, 1, 0, 2
3610, 3, 4, 2
3611, 2, 1, 4
3612, 4, 1, 0
3613, 4, 0, 2
3614, 2, 3, 3
3615, 2, 0, 1
3616, 1, 3, 0
3617, 4, 2, 2
3618, 5, 3, 3
3619, 3, 0, 0
3620, 5, 0, 3
3621, 2, 2, 4
3622, 3, 2, 4
3623, 3, 3, 1
3624, 3, 2, 1
3625, 5, 0, 2
3626, 5, 2, 2
3627, 4, 2, 0
3628, 3, 3, 0
3629, 5, 2, 0
3630, 1, 1, 3
3631, 4, 0, 4
3632, 3, 3, 0
3633, 1, 4, 3
3634, 1, 0, 4
3635, 1, 1, 4
3636, 5, 2, 2
3637, 2, 3, 3
3638, 5, 3, 1
3639, 3, 0, 3
3640, 4, 0, 2
3641, 4, 3, 4
3642, 4, 3, 0
3643, 2, 3, 1
3644, 5, 4, 3
3645, 5, 0, 4
3646, 2, 0, 2
3647, 4, 3, 0
3648, 3, 4, 3
3649, 5, 3, 1
3650, 3, 1, 0
3651, 4, 3, 0
3652, 4, 3, 3
3653, 1, 2, 1
3654, 1, 0, 2
3655, 2, 0, 0
3656, 5, 0, 4
3657, 2, 3, 1
3658, 4, 1, 3
3659, 5, 1, 1
3660, 3, 4, 4
3661, 1, 4, 2
3662, 4, 3, 3
3663, 1, 0, 4
3664, 5, 4, 4
3665, 4, 2, 3
3666, 5, 0, 0
3667, 4, 3, 0
3668, 2, 4, 0
3669, 4, 1, 1
3670, 5, 3, 3
3671, 4, 1, 3
3672, 2, 3, 4
3673, 1, 1, 0
3674, 5, 4, 0
3675, 4, 4, 3
3676, 4, 0, 2
3677, 4, 1, 2
3678, 2, 2, 2
3679, 1, 4, 1
3680, 2, 4, 2
3681, 1, 1, 2
3682, 1, 1, 1
3683, 2, 3, 2
3684, 2, 4, 2
3685, 3, 4, 0
3686, 3, 4, 0
3687, 5, 4, 1
3688, 5, 3, 2
3689, 4, 3, 2
3690, 4, 0, 0
3691, 3, 2, 2
3692, 2, 0, 4
3693, 5, 2, 0
3694, 4, 3, 2
3695, 2, 4, 1
3696, 1, 1, 2
3697, 3, 0, 2
3698, 5, 3, 4
3699, 5, 1, 4
3700, 3, 0, 4
3701, 4, 0, 0
3702, 3, 0, 4
3703, 4, 3, 1
3704, 5, 0, 3
3705, 1, 0, 0
3706, 1, 3, 0
3707, 5, 2, 0
3708, 3, 0, 1
3709, 5, 0, 3
3710, 1, 3, 0
3711, 4, 1, 2
3712, 4, 2, 1
3713, 5, 2, 1
3714, 2, 3, 1
3715, 1, 3, 4
3716, 1, 1, 3
3717, 5, 2, 4
3718, 5, 0, 2
3719, 5, 0, 1
3720, 2, 2, 3
3721, 5, 3, 0
3722, 4, 3, 2
3723, 3, 4, 4
3724, 5, 2, 4
3725, 3, 2, 4
3726, 1, 0, 0
3727, 2, 2, 1
3728, 5, 2, 1
3729, 5, 2, 0
3730, 1, 1, 1
3731, 5, 3, 0
3732, 2, 4, 3
3733, 5, 3, 4
3734, 1, 1, 3
3735, 5, 3, 4
3736, 1, 2, 4
3737, 1, 4, 2
3738, 5, 0, 4
3739, 2, 4, 0
3740, 5, 0, 2
3741, 5, 3, 0
3742, 4, 2, 0
3743, 4, 3, 1
3744, 5, 2, 0
3745, 5, 2, 2
3746, 4, 0, 4
3747, 1, 0, 4
3748, 1, 4, 3
3749, 4, 4, 0
3750, 4, 0, 1
3751, 3, 2, 4
3752, 5, 1, 4
3753, 3, 0, 4
3754, 5, 2, 2
3755, 2, 1, 2
3756, 4, 4, 0
3757, 3, 1, 2
3758, 4, 1, 1
3759, 5, 4, 0
3760, 3, 4, 0
3761, 2, 3, 2
3762, 5, 4, 4
3763, 4, 2, 2
3764, 2, 3, 0
3765, 5, 0, 0
3766, 2, 4, 3
3767, 2, 4, 0
3768, 3, 3, 0
3769, 3, 2, 3
3770, 4, 4, 4
3771, 1, 4, 3
3772, 2, 3, 4
3773, 5, 1, 3
3774, 4, 2, 2
3775, 1, 0, 0
3776, 3, 4, 4
3777, 4, 4, 2
3778, 2, 4, 2
3779, 2, 2, 3
3780, 4, 4, 3
3781, 3, 3, 3
3782, 5, 4, 3
3783, 3, 3, 4
3784, 5, 1, 3
3785, 2, 1, 0
3786, 3, 2, 2
3787, 4, 1, 2
3788, 5, 4, 0
3789, 3, 0, 1
3790, 2, 2, 1
3791, 1, 2, 4
3792, 2, 1, 1
3793, 5, 3, 1
3794, 4, 1, 4
3795, 2, 0, 4
3796, 1, 4, 3
3797, 5, 3, 2
3798, 3, 1, 3
3799, 5, 2, 1
3800, 4, 1, 4
3801, 3, 3, 2
3802, 5, 4, 4
3803, 5, 2, 4
3804, 3, 3, 1
3805, 4, 1, 3
3806, 5, 1, 4
3807, 4, 2, 0
3808, 3, 4, 0
3809, 4, 4, 4
3810, 3, 3, 0
3811, 1, 1, 4
3812, 1, 1, 2
3813, 5, 0, 1
3814, 2, 0, 3
3815, 1, 0, 3
3816, 5, 3, 4
3817, 1, 4, 1
3818, 1, 3, 0
3819, 1, 1, 1
3820, 4, 2, 4
3821, 4, 3, 1
3822, 3, 3, 2
3823, 1, 3, 0
3824, 1, 4, 0
3825, 4, 3, 0
3826, 5, 3, 2
3827, 2, 1, 3
3828, 2, 1, 4
3829, 5, 0, 0
3830, 5, 2, 4
3831, 2, 3, 3
3832, 2, 0, 3
3833, 5, 3, 3
3834, 5, 3, 2
3835, 3, 1, 1
3836, 5, 3, 3
3837, 1, 4, 1
3838, 5, 1, 4
3839, 5, 4, 2
3840, 3, 3, 2
3841, 4, 1, 3
3842, 4, 4, 4
3843, 1, 0, 3
3844, 1, 1, 1
3845, 2, 2, 0
3846, 2, 2, 1
3847, 1, 0, 1
3848, 5, 3, 4
3849, 5, 2, 2
3850, 5, 4, 1
3851, 5, 2, 3
3852, 1, 1, 2
3853, 5, 3, 3
3854, 2, 4, 0
3855, 5, 2, 2
3856, 5, 4, 3
3857, 3, 2, 3
3858, 1, 1, 1
3859, 4, 3, 2
3860, 4, 0, 2
3861, 2, 2, 0
3862, 1, 3, 3
3863, 4, 1, 1
3864, 5, 0, 0
3865, 3, 1, 1
3866, 2, 0, 2
3867, 4, 2, 1
3868, 5, 4, 3
3869, 5, 1, 1
3870, 1, 4, 1
3871, 5, 4, 1
3872, 5, 0, 1
3873, 3, 1, 2
3874, 4, 4, 3
3875, 2, 0, 0
3876, 2, 4, 4
3877, 5, 1, 1
3878, 3, 4, 0
3879, 3, 2, 0
3880, 4, 0, 1
3881, 4, 1, 2
3882, 1, 1, 2
3883, 5, 1, 4
3884, 5, 4, 4
3885, 4, 4, 3
3886, 3, 4, 3
3887, 3, 2, 1
3888, 4, 4, 1
3889, 5, 0, 4
3890, 1, 0, 1
3891, 2, 0, 2
3892, 4, 2, 1
3893, 2, 3, 0
3894, 2, 3, 4
3895, 5, 0, 3
3896, 5, 2, 3
3897, 3, 4, 0
3898, 4, 2, 1
3899, 5, 1, 2
3900, 3, 1, 4
3901, 4, 1, 3
3902, 1, 1, 2
3903, 4, 3, 3
3904, 2, 3, 0
3905, 1, 3, 1
3906, 3, 2, 2
3907, 4, 2, 0
3908, 5, 3, 1
3909, 2, 2, 0
3910, 2, 3, 4
3911, 4, 4, 4
3912, 3, 2, 2
3913, 4, 2, 3
3914, 4, 4, 3
3915, 1, 4, 3
3916, 4, 2, 2
3917, 4, 3, 3
3918, 3, 1, 1
3919, 1, 4, 1
3920, 2, 0, 3
3921, 2, 1, 0
3922, 2, 3, 2
3923, 1, 2, 4
3924, 4, 4, 4
3925, 4, 4, 0
3926, 5, 3, 1
3927, 4, 0, 2
3928, 5, 4, 2
3929, 5, 4, 3
3930, 4, 3, 3
3931, 1, 0, 2
3932, 5, 4, 3
3933, 3, 1, 0
3934, 5, 0, 1
3935, 3, 1, 4
3936, 3, 3, 3
3937, 1, 1, 4
3938, 5, 4, 3
3939, 4, 2, 4
3940, 3, 3, 3
3941, 2, 4, 3
3942, 2, 4, 4
3943, 1, 4, 4
3944, 3, 2, 4
3945, 5, 1, 3
3946, 3, 3, 3
3947, 5, 1, 3
3948, 4, 3, 0
3949, 1, 0, 3
3950, 5, 2, 1
3951, 4, 1, 0
3952, 3, 0, 2
3953, 3, 4, 2
3954, 1, 1, 1
3955, 4, 4, 1
3956, 5, 4, 0
3957, 1, 3, 1
3958, 5, 2, 4
3959, 2, 2, 3
3960, 4, 1, 1
3961, 4, 4, 0
3962, 3, 4, 3
3963, 4, 2, 0
3964, 5, 3, 4
3965, 2, 4, 4
3966, 5, 2, 3
3967, 1, 0, 3
3968, 1, 0, 1
3969, 4, 4, 4
3970, 2, 1, 2
3971, 3, 4, 1
3972, 4, 2, 2
3973, 1, 2, 2
3974, 4, 2, 2
3975, 2, 2, 2
3976, 1, 0, 1
3977, 5, 0, 3
3978, 1, 4, 4
3979, 4, 4, 1
3980, 5, 4, 1
3981, 2, 3, 4
3982, 5, 3, 4
3983, 3, 2, 2
3984, 3, 3, 3
3985, 2, 2, 3
3986, 1, 4, 0
3987, 2, 3, 1
3988, 1, 0, 4
3989, 3, 4, 4
3990, 5, 0, 4
3991, 4, 4, 3
3992, 2, 3, 4
3993, 3, 3, 2
3994, 3, 0, 4
3995, 4, 3, 2
3996, 4, 2, 1
3997, 5, 0, 3
3998, 2, 0, 0
3999, 1, 4, 0